//////////////Kit Weapons Lightning S19 Part2 by Kapocha//////////////
//lightning_sword
INDEX       32229         9            0              0.1     0.25	1.0       0.35        0.0         0.0
INDEX       32229         10           0              0.1     0.25	1.0       0.35        0.0         0.0
INDEX       32229         11           0              0.1     0.25	1.0       1.0         0.0         0.0
INDEX       32229         12           0              0.1     0.25	1.0       1.0         0.0         0.0
INDEX       32229         4            0              0.1     0.25	1.0       0.1         0.0         0.0
INDEX       32002         4            0              0.1     0.25	1.0       0.6         0.0         0.0
INDEX       32002         5            0              0.1     0.25	1.0       0.6         0.0         0.0
INDEX       32002         6            0              0.1     0.25	1.0       0.6         0.0         0.0
INDEX       32002         7            0              0.1     0.25	1.0       0.6         0.0         0.0
INDEX       32002         8            0              0.1     0.25	1.0       0.6         0.0         0.0
INDEX       32002         17           0              0.1     0.25	1.0       0.6         0.0         0.0
INDEX       32002         18           0              0.1     0.25	1.0       0.6         0.0         0.0
INDEX       32002         19           0              0.1     0.25	1.0       0.3         0.0         0.0
INDEX       32002         20           0              0.1     0.25	1.0       0.6         0.0         0.0

//lightning_magicsword
INDEX       32229         11           0              0.66	0.25	1.0       0.66        0.0         0.0
INDEX       32229         7            0              0.1	    0.25	1.0       0.5         0.0         0.0
INDEX       32002         7            0              0.1	    0.25	1.0       0.7         0.0         0.0
INDEX       32229         8            0              0.66	0.25	1.0       0.5         0.0         0.0
INDEX       32229         9            0              0.66	0.25	1.0       0.5         0.0         0.0
INDEX       32229         10           0              0.66	0.25	1.0       0.5         0.0         0.0
INDEX       32229         12           0              0.66	0.25	1.0       0.5         0.0         0.0

//lightning_scepter
INDEX      32229         26           0              0.66	0.25	1.0       0.25        0.0         0.0
INDEX      32229         27           0              0.66	0.25	1.0       0.25        0.0         0.0
INDEX      32229         32           0              0.66	0.25	1.0       0.25        0.0         0.0
INDEX      32229         28           0              0.66	0.25	1.0       0.5         0.0         0.0
INDEX      32229         31           0              0.66	0.25	1.0       0.5         0.0         0.0
INDEX      32229         33           0              0.66	0.25	1.0       0.5         0.0         0.0
INDEX      32229         29           0              0.66	0.25	1.0       0.2         0.0         0.0
INDEX      32229         30           0              0.66	0.25	1.0       0.2         0.0         0.0
//pin_star02_blue
INDEX      32002         19           0              0.0		0.0		1.0       0.25        0.0         0.0
INDEX      32501         19           0              0.0		0.0		1.0       0.125       0.0         0.0
INDEX      32002         20           0              0.0		0.0		1.0       0.25        0.0         0.0
INDEX      32501         20           0              0.0		0.0		1.0       0.125       0.0         0.0
INDEX      32002         21           0              0.0		0.0		1.0       0.25        0.0         0.0
INDEX      32501         21           0              0.0		0.0		1.0       0.125       0.0         0.0
INDEX      32002         22           0              0.0		0.0		1.0       0.25        0.0         0.0
INDEX      32501         22           0              0.0		0.0		1.0       0.125       0.0         0.0
INDEX      32002         23           0              0.0		0.0		1.0       0.25        0.0         0.0
INDEX      32501         23           0              0.0		0.0		1.0       0.125       0.0         0.0
INDEX      32002         24           0              0.0		0.0		1.0       0.25        0.0         0.0
INDEX      32501         24           0              0.0		0.0		1.0       0.125       0.0         0.0
INDEX      32002         25           0              0.0		0.0		1.0       0.25        0.0         0.0
INDEX      32501         25           0              0.0		0.0		1.0       0.125       0.0         0.0
INDEX      32002         15           0              0.5		0.7		1.0       0.25        0.0         0.0
INDEX      32501         15           0              0.5		0.7		1.0       0.12        0.0         0.0
INDEX      32002         16           0              0.5		0.7		1.0       0.25        0.0         0.0
INDEX      32501         16           0              0.5		0.7		1.0       0.12        0.0         0.0
INDEX      32002         17           0              0.5		0.7		1.0       0.25        0.0         0.0
INDEX      32501         17           0              0.5		0.7		1.0       0.12        0.0         0.0
INDEX      32002         18           0              0.5		0.7		1.0       0.25        0.0         0.0
INDEX      32501         18           0              0.5		0.7		1.0       0.12        0.0         0.0

//lightning_bow
INDEX      32229         14           0              0.66	0.25	1.0       0.35        0.0         0.0
INDEX      32229         18           0              0.66	0.25	1.0       0.35        0.0         0.0
INDEX      32229         34           0              0.66	0.25	1.0       0.35        0.0         0.0
INDEX      32229         35           0              0.66	0.25	1.0       0.35        0.0         0.0
INDEX      32002         15           0              0.0		0.0		1.0       0.25        0.0         0.0
INDEX      32501         15           0              0.0		0.0		1.0       0.125       0.0         0.0
INDEX      32002         16           0              0.0		0.0		1.0       0.25        0.0         0.0
INDEX      32501         16           0              0.0		0.0		1.0       0.125       0.0         0.0
INDEX      32002         17           0              0.0		0.0		1.0       0.25        0.0         0.0
INDEX      32501         17           0              0.0		0.0		1.0       0.125       0.0         0.0
INDEX      32002         31           0              0.0		0.0		1.0       0.25        0.0         0.0
INDEX      32501         31           0              0.0		0.0		1.0       0.125       0.0         0.0
INDEX      32002         32           0              0.0		0.0		1.0       0.25        0.0         0.0
INDEX      32501         32           0              0.0		0.0		1.0       0.125       0.0         0.0
INDEX      32002         33           0              0.0		0.0		1.0       0.25        0.0         0.0
INDEX      32501         33           0              0.0		0.0		1.0       0.125       0.0         0.0
INDEX      32002         19           0              0.5		0.7		1.0       0.4         0.0         0.0
INDEX      32501         19           0              0.5		0.7		1.0       0.225       0.0         0.0
INDEX      32002         20           0              0.5		0.7		1.0       0.4         0.0         0.0
INDEX      32501         20           0              0.5		0.7		1.0       0.225       0.0         0.0
INDEX      32002         36           0              0.5		0.7		1.0       0.4         0.0         0.0
INDEX      32501         36           0              0.5		0.7		1.0       0.225       0.0         0.0
INDEX      32002         37           0              0.5		0.7		1.0       0.4         0.0         0.0
INDEX      32501         37           0              0.5		0.7		1.0       0.225       0.0         0.0
INDEX      32229         13           0              0.8		0.8		1.0       0.25        0.0         0.0
INDEX      32229         29           0              0.8		0.8		1.0       0.25        0.0         0.0
INDEX      32229         41           0              0.8		0.8		1.0       1.0         0.0         0.0

//lightning_staff
INDEX      32229         2            0              0.66	0.25	1.0       0.25        0.0         0.0
INDEX      32229         3            0              0.66	0.25	1.0       0.25        0.0         0.0
INDEX      32229         14           0              0.66	0.25	1.0       0.25        0.0         0.0
INDEX      32229         15           0              0.66	0.25	1.0       0.25        0.0         0.0
INDEX      32229         4            0              0.66	0.25	1.0       0.8         0.0         0.0
INDEX      32002         4            0              0.1     0.25	1.0       0.5         0.0         0.0
INDEX      32229         5            0              0.66	0.25	1.0       0.25        0.0         0.0
INDEX      32002         5            0              0.1     0.25	1.0       0.4         0.0         0.0
INDEX      32229         10           0              0.66	0.25	1.0       0.25        0.0         0.0
INDEX      32002         10           0              0.0		0.0		1.0       0.5         0.0         0.0
INDEX      32501         10           0              0.0		0.0		1.0       0.25        0.0         0.0
INDEX      32002         6           0               0.0		0.0		1.0       0.2         0.0         0.0
INDEX      32501         6           0               0.0		0.0		1.0       0.1         0.0         0.0
INDEX      32002         7           0               0.0		0.0		1.0       0.2         0.0         0.0
INDEX      32501         7           0               0.0		0.0		1.0       0.1         0.0         0.0
INDEX      32002         8           0               0.0		0.0		1.0       0.2         0.0         0.0
INDEX      32501         8           0               0.0		0.0		1.0       0.1         0.0         0.0
INDEX      32002         9           0               0.0		0.0		1.0       0.2         0.0         0.0
INDEX      32501         9           0               0.0		0.0		1.0       0.1         0.0         0.0
INDEX      32002         11          0               0.0		0.0		1.0       0.25        0.0         0.0
INDEX      32501         11          0               0.0		0.0		1.0       0.125       0.0         0.0
INDEX      32002         12          0               0.0		0.0		1.0       0.25        0.0         0.0
INDEX      32501         12          0               0.0		0.0		1.0       0.125       0.0         0.0

//lightning_stick
INDEX      32229         10          0              	0.66	0.25	1.0       0.25        0.0         0.0
INDEX      32229         11          0              	0.66	0.25	1.0       0.25        0.0         0.0
INDEX      32229         12          0              	0.66	0.25	1.0       0.25        0.0         0.0
INDEX      32229         13          0              	0.66	0.25	1.0       0.25        0.0         0.0
INDEX      32229         14          0              	0.66	0.25	1.0       0.25        0.0         0.0
INDEX      32229         15          0              	0.66	0.25	1.0       0.25        0.0         0.0
INDEX      32229         16          0              	0.66	0.25	1.0       0.25        0.0         0.0
INDEX      32002         17          0              	0.0		0.0		1.0       0.2         0.0         0.0
INDEX      32501         17          0              	0.0		0.0		1.0       0.1         0.0         0.0
INDEX      32002         18          0              	0.0		0.0		1.0       0.2         0.0         0.0
INDEX      32501         18          0              	0.0		0.0		1.0       0.1         0.0         0.0
INDEX      32002         19          0              	0.0		0.0		1.0       0.2         0.0         0.0
INDEX      32501         19          0              	0.0		0.0		1.0       0.1         0.0         0.0
INDEX      32002         20          0              	0.25	0.7		1.0       0.2         0.0         0.0
INDEX      32501         20          0              	0.1		0.7		1.0       0.1         0.0         0.0
INDEX      32002         21          0              	0.25	0.7		1.0       0.2         0.0         0.0
INDEX      32501         21          0              	0.1		0.7		1.0       0.1         0.0         0.0
INDEX      32002         22          0              	0.25	0.7		1.0       0.2         0.0         0.0
INDEX      32501         22          0              	0.1		0.7		1.0       0.1         0.0         0.0
INDEX      32002         23          0              	0.25	0.7		1.0       0.2         0.0         0.0
INDEX      32501         23          0              	0.1		0.7		1.0       0.1         0.0         0.0
INDEX      32229         8           0              	0.66	0.25	1.0       0.25        0.0         0.0
INDEX      32140         8           0              	0.1		0.25	1.0       0.3         0.0         0.0

//lightning_shield
INDEX      32229         0          0              	0.66	0.25	1.0       0.25        0.0         0.0
INDEX      32229         1          0              	0.66	0.25	1.0       0.25        0.0         0.0
INDEX      32229         2          0              	0.66	0.25	1.0       0.25        0.0         0.0
INDEX      32229         3          0              	0.66	0.25	1.0       0.25        0.0         0.0
INDEX      32229         4          0              	0.66	0.25	1.0       0.25        0.0         0.0