//=== CustomEffectDynamic.txt — B+C-owned items excluded (no double-render) ===
6345	32355	1	0	1	1	1	1.95	0.0	0.2
6345	32373	14	0	0.53	0.36	1.00	0.0	0.0	0.1
6345	32373	26	0	0.53	0.36	1.00	0.0	0.0	0.1
6353	32395	15	0	0.2	0.2	0.5	0.0	0.0	0.85
112	32124	4	0	3.0	0.73	6.0	3	-0.005	-0.005
113	32124	4	0	3.0	0.73	6.0	3	-0.005	-0.005
1128	32124	3	0	3.0	0.73	6.0	3	-0.005	-0.005
2152	32124	2	0	3.0	0.73	6.0	3	-0.005	-0.005
2668	32124	11	0	3.0	0.73	6.0	3	-0.005	-0.005
2669	32124	5	0	3.0	0.73	6.0	3	-0.005	-0.005
2671	32124	10	0	0.8	0.6	0.3	3.5	0.4	0.3
2671	32387	10	0	0.8	0.6	0.3	0.0	-1.0	0.0
117	32124	6	0	0.8	0.6	0.3	3.5	0.4	0.3
117	32387	6	0	0.8	0.6	0.3	0.0	-1.0	0.0
2670	32124	7	0	0.8	0.6	0.3	3.5	0.4	0.3
2670	32124	8	0	0.8	0.6	0.3	3.5	0.4	0.3
2670	32387	2	0	0.8	0.6	0.3	0.0	-1.0	0.0
2153	32124	5	0	0.8	0.6	0.3	3.5	0.4	0.3
2153	32387	5	0	0.8	0.6	0.3	0.0	-1.0	0.0
2153	32124	13	0	0.8	0.6	0.3	3.5	0.4	0.3
2153	32387	13	0	0.8	0.6	0.3	0.0	-1.0	0.0
1129	32124	6	0	0.8	0.6	0.3	3.5	0.4	0.3
1129	32387	6	0	0.8	0.6	0.3	0.0	-1.0	0.0
1129	32124	7	0	0.8	0.6	0.3	3.5	0.4	0.3
1129	32387	7	0	0.8	0.6	0.3	0.0	-1.0	0.0
116	32124	7	0	0.8	0.6	0.3	3.5	0.4	0.3
116	32387	7	0	0.8	0.6	0.3	0.0	-1.0	0.0
115	32124	19	0	0.8	0.6	0.3	3.5	0.4	0.3
115	32387	19	0	0.8	0.6	0.3	0.0	-1.0	0.0
1130	32130	14	0	0.4	0.9	1.0	1.0	-0.4	0.2
1130	32130	18	0	0.4	0.9	1.0	1.0	-0.4	0.2
119	32130	20	0	0.4	0.9	1.0	1.0	-0.4	0.2
2673	32130	3	0	0.4	0.9	1.0	1.0	-0.4	0.2
120	32130	24	0	0.4	0.9	1.0	1.0	-0.4	0.2
2672	32130	2	0	0.4	0.9	1.0	1.0	-0.4	0.2
118	32130	10	0	0.4	0.9	1.0	1.0	-0.4	0.2
2154	32130	19	0	0.4	0.9	1.0	1.0	-0.4	0.2
2154	32130	37	0	0.4	0.9	1.0	1.0	-0.4	0.2
1132	32395	24	0	0.35	0.34	1.00	0.0	0.0	10.4
1132	32395	25	0	0.35	0.34	1.00	0.0	0.0	10.4
1132	32395	40	0	0.35	0.34	1.00	0.0	0.0	10.4
2677	32124	17	0	1.00	1.00	1.00	5.0	-0.5	0.7
3177	32124	5	0	0.8	0.6	0.3	3.5	0.4	0.3
3177	32387	5	0	0.8	0.6	0.3	0.0	-1.0	0.0
3178	32130	2	0	0.4	0.9	1.0	1.0	-0.4	0.2
6360	32295	03	0	1.00	0.60	0.00	0.0	0.3	0.8
6360	32295	22	0	1.00	0.60	0.00	0.0	0.3	0.8
6361	32005	19	0	1.00	0.60	1.00	1.0	0.0	0.0
6361	32005	43	0	1.00	0.60	1.00	1.0	0.0	0.0
6359	32389	26	0	0.50	0.5	1.00	0.0	0.0	0.4
6454	32049	11	0	0.15	0.15	0.1	11	1.0	0.0
6454	32049	12	0	0.15	0.15	0.1	11	1.0	0.0
6454	32049	13	0	0.15	0.15	0.1	11	1.0	0.0
6454	32300	17	0	0.2	0.0	0.0	3	1.0	0.0
6454	32300	19	0	0.2	0.0	0.0	3	1.0	0.0
6454	32300	20	0	0.2	0.0	0.0	3	1.0	0.0
6444	32049	3	0	0.15	0.15	0.1	11	1.0	0.0
6444	32300	8	0	0.2	0.0	0.0	3	1.0	0.0
3372	32049	1	0	0.15	0.15	0.1	11	1.0	0.0
2348	32049	0	0	0.15	0.15	0.1	11	1.0	0.0
2349	32049	0	0	0.15	0.15	0.1	11	1.0	0.0
301	32300	4	0	0.1	0.0	0.0	3	0.3	0.0
301	32300	5	0	0.1	0.0	0.0	3	0.3	0.0
301	32300	6	0	0.1	0.0	0.0	3	0.3	0.0
301	32300	7	0	0.1	0.0	0.0	3	0.3	0.0
301	32300	8	0	0.1	0.0	0.0	3	0.3	0.0
302	32300	4	0	0.1	0.0	0.0	3	0.3	0.0
302	32300	5	0	0.1	0.0	0.0	3	0.3	0.0
302	32300	6	0	0.1	0.0	0.0	3	0.3	0.0
302	32300	7	0	0.1	0.0	0.0	3	0.3	0.0
302	32300	8	0	0.1	0.0	0.0	3	0.3	0.0
2860	32300	1	0	0.1	0.0	0.0	3	0.3	0.0
2860	32300	2	0	0.1	0.0	0.0	3	0.3	0.0
2860	32300	3	0	0.1	0.0	0.0	3	0.3	0.0
2860	32300	4	0	0.1	0.0	0.0	3	0.3	0.0
2860	32300	5	0	0.1	0.0	0.0	3	0.3	0.0
2861	32300	1	0	0.1	0.0	0.0	3	0.3	0.0
2861	32300	2	0	0.1	0.0	0.0	3	0.3	0.0
2861	32300	3	0	0.1	0.0	0.0	3	0.3	0.0
2861	32300	4	0	0.1	0.0	0.0	3	0.3	0.0
300	32300	1	0	0.1	0.0	0.0	3	0.3	0.0
300	32300	2	0	0.1	0.0	0.0	3	0.3	0.0
300	32300	3	0	0.1	0.0	0.0	3	0.3	0.0
1324	32300	1	0	0.1	0.0	0.0	3	0.3	0.0
1324	32300	2	0	0.1	0.0	0.0	3	0.3	0.0
1324	32300	3	0	0.1	0.0	0.0	3	0.3	0.0
6455	32386	8	0	0.3	0.1	0.0	1	1.0	0.0
6455	32386	4	0	0.3	0.1	0.0	1	1.0	0.0
6455	32386	9	0	0.3	0.1	0.0	1	1.0	0.0
6455	32386	10	0	0.3	0.1	0.0	1	1.0	0.0
6455	32386	11	0	0.3	0.1	0.0	1	1.0	0.0
6455	32386	12	0	0.3	0.1	0.0	1	1.0	0.0
6455	32386	13	0	0.3	0.1	0.0	1	1.0	0.0
6455	32386	14	0	0.3	0.1	0.0	1	1.0	0.0
6455	32386	15	0	0.3	0.1	0.0	1	1.0	0.0
6455	32386	16	0	0.3	0.1	0.0	1	1.0	0.0
6445	32386	3	0	0.3	0.1	0.0	4	0.7	0.0
6445	32386	4	0	0.3	0.1	0.0	4	0.7	0.0
6445	32386	5	0	0.3	0.1	0.0	4	0.7	0.0
6445	32386	6	0	0.3	0.1	0.0	4	0.7	0.0
6445	32386	7	0	0.3	0.1	0.0	4	0.7	0.0
6445	32386	18	0	0.5	0.1	0.0	4	0.3	0.0
6445	32386	19	0	0.5	0.1	0.0	4	0.3	0.0
6445	32386	20	0	0.5	0.1	0.0	4	0.3	0.0
6445	32386	21	0	0.5	0.1	0.0	4	0.3	0.0
6445	32386	22	0	0.5	0.1	0.0	4	0.3	0.0
6445	32386	23	0	0.5	0.1	0.0	4	0.3	0.0
6445	32386	24	0	0.5	0.1	0.0	4	0.3	0.0
6445	32386	25	0	0.5	0.1	0.0	4	0.3	0.0
6445	32386	26	0	0.5	0.1	0.0	4	0.3	0.0
6445	32386	27	0	0.5	0.1	0.0	4	0.3	0.0
6445	32386	28	0	0.5	0.1	0.0	4	0.3	0.0
6445	32386	29	0	0.5	0.1	0.0	4	0.3	0.0
6445	32392	23	0	1.0	1.0	1.0	0	0.4	0.0
6445	32392	29	0	1.0	1.0	1.0	0	0.4	0.0
304	32386	1	0	0.3	0.1	0.0	4	1.0	0.0
304	32386	2	0	0.3	0.1	0.0	4	1.0	0.0
304	32386	3	0	0.3	0.1	0.0	4	1.0	0.0
304	32386	4	0	0.3	0.1	0.0	4	1.0	0.0
304	32386	5	0	0.3	0.1	0.0	4	1.0	0.0
304	32386	6	0	0.3	0.1	0.0	4	1.0	0.0
304	32386	7	0	0.3	0.1	0.0	4	1.0	0.0
3373	32386	3	0	0.3	0.1	0.0	4	1.0	0.0
3373	32386	4	0	0.3	0.1	0.0	4	1.0	0.0
3373	32386	5	0	0.3	0.1	0.0	4	1.0	0.0
3373	32386	6	0	0.3	0.1	0.0	4	1.0	0.0
3373	32386	7	0	0.3	0.1	0.0	4	1.0	0.0
2350	32386	3	0	0.3	0.1	0.0	4	1.0	0.0
2350	32386	4	0	0.3	0.1	0.0	4	1.0	0.0
2350	32386	5	0	0.3	0.1	0.0	4	1.0	0.0
2350	32386	6	0	0.3	0.1	0.0	4	1.0	0.0
2350	32386	7	0	0.3	0.1	0.0	4	1.0	0.0
2350	32386	8	0	0.3	0.1	0.0	4	1.0	0.0
2350	32386	9	0	0.3	0.1	0.0	4	1.0	0.0
2350	32386	10	0	0.3	0.1	0.0	4	1.0	0.0
2350	32386	11	0	0.3	0.1	0.0	4	1.0	0.0
2351	32386	5	0	0.3	0.1	0.0	4	1.0	0.0
2351	32386	6	0	0.3	0.1	0.0	4	1.0	0.0
2351	32386	7	0	0.3	0.1	0.0	4	1.0	0.0
2351	32386	9	0	0.3	0.1	0.0	4	1.0	0.0
2351	32386	10	0	0.3	0.1	0.0	4	1.0	0.0
2351	32386	11	0	0.3	0.1	0.0	4	1.0	0.0
305	32386	1	0	0.3	0.1	0.0	4	1.0	0.0
305	32386	2	0	0.3	0.1	0.0	4	1.0	0.0
305	32386	3	0	0.3	0.1	0.0	4	1.0	0.0
305	32386	4	0	0.3	0.1	0.0	4	1.0	0.0
305	32386	5	0	0.3	0.1	0.0	4	1.0	0.0
305	32386	6	0	0.3	0.1	0.0	4	1.0	0.0
2862	32386	5	0	0.3	0.1	0.0	4	1.0	0.0
2862	32386	6	0	0.3	0.1	0.0	4	1.0	0.0
2862	32386	7	0	0.3	0.1	0.0	4	1.0	0.0
1325	32386	2	0	0.3	0.1	0.0	4	1.0	0.0
1325	32386	3	0	0.3	0.1	0.0	4	1.0	0.0
2863	32386	2	0	0.3	0.1	0.0	4	1.0	0.0
2863	32386	5	0	0.3	0.1	0.0	4	1.0	0.0
307	32301	01	0	0.30	0.10	0.30	17	0.20	0.0
307	32301	02	0	0.30	0.10	0.30	17	0.20	0.0
307	32301	03	0	0.30	0.10	0.30	17	0.20	0.0
307	32301	04	0	0.30	0.10	0.30	17	0.20	0.0
307	32301	05	0	0.30	0.10	0.30	17	0.20	0.0
307	32301	06	0	0.30	0.10	0.30	17	0.20	0.0
307	32301	07	0	0.30	0.10	0.30	17	0.20	0.0
307	32301	08	0	0.30	0.10	0.30	17	0.20	0.0
307	32301	09	0	0.30	0.10	0.30	17	0.20	0.0
307	32301	10	0	0.30	0.10	0.30	17	0.20	0.0
307	32301	11	0	0.30	0.10	0.30	17	0.20	0.0
307	32301	12	0	0.30	0.10	0.30	17	0.20	0.0
307	32301	13	0	0.30	0.10	0.30	17	0.20	0.0
307	32395	02	0	0.20	0.10	0.20	00	0.50	0.0
308	32301	01	0	0.30	0.10	0.30	17	0.20	0.0
308	32301	02	0	0.30	0.10	0.30	17	0.20	0.0
308	32301	03	0	0.30	0.10	0.30	17	0.20	0.0
308	32301	04	0	0.30	0.10	0.30	17	0.20	0.0
308	32301	05	0	0.30	0.10	0.30	17	0.20	0.0
308	32301	06	0	0.30	0.10	0.30	17	0.20	0.0
308	32301	07	0	0.30	0.10	0.30	17	0.20	0.0
308	32301	08	0	0.30	0.10	0.30	17	0.20	0.0
308	32301	09	0	0.30	0.10	0.30	17	0.20	0.0
308	32301	10	0	0.30	0.10	0.30	17	0.20	0.0
308	32301	11	0	0.30	0.10	0.30	17	0.20	0.0
308	32301	12	0	0.30	0.10	0.30	17	0.20	0.0
308	32301	13	0	0.30	0.10	0.30	17	0.20	0.0
308	32395	02	0	0.20	0.10	0.20	00	0.50	0.0
1326	32301	01	0	0.30	0.10	0.30	17	0.10	0.0
1326	32301	02	0	0.30	0.10	0.30	17	0.10	0.0
1326	32301	03	0	0.30	0.10	0.30	17	0.10	0.0
1326	32301	04	0	0.30	0.10	0.30	17	0.10	0.0
1326	32301	05	0	0.30	0.10	0.30	17	0.10	0.0
1326	32301	06	0	0.30	0.10	0.30	17	0.10	0.0
1326	32301	07	0	0.30	0.10	0.30	17	0.10	0.0
1326	32301	08	0	0.30	0.10	0.30	17	0.10	0.0
1326	32301	09	0	0.30	0.10	0.30	17	0.10	0.0
1326	32301	10	0	0.30	0.10	0.30	17	0.10	0.0
1326	32301	11	0	0.30	0.10	0.30	17	0.10	0.0
1326	32395	01	0	0.20	0.10	0.20	00	0.30	0.0
2352	32301	01	0	0.30	0.10	0.30	17	0.10	0.0
2352	32301	02	0	0.30	0.10	0.30	17	0.10	0.0
2352	32301	03	0	0.30	0.10	0.30	17	0.10	0.0
2352	32301	04	0	0.30	0.10	0.30	17	0.10	0.0
2352	32301	05	0	0.30	0.10	0.30	17	0.10	0.0
2352	32301	06	0	0.30	0.10	0.30	17	0.10	0.0
2352	32301	07	0	0.30	0.10	0.30	17	0.10	0.0
2352	32301	08	0	0.30	0.10	0.30	17	0.10	0.0
2352	32301	09	0	0.30	0.10	0.30	17	0.10	0.0
2352	32301	10	0	0.30	0.10	0.30	17	0.10	0.0
2352	32301	11	0	0.30	0.10	0.30	17	0.10	0.0
2352	32301	12	0	0.30	0.10	0.30	17	0.10	0.0
2352	32301	13	0	0.30	0.10	0.30	17	0.10	0.0
2352	32301	14	0	0.30	0.10	0.30	17	0.10	0.0
2352	32301	15	0	0.30	0.10	0.30	17	0.10	0.0
2352	32301	16	0	0.30	0.10	0.30	17	0.10	0.0
2352	32301	17	0	0.30	0.10	0.30	17	0.10	0.0
2352	32301	18	0	0.30	0.10	0.30	17	0.10	0.0
2352	32301	19	0	0.30	0.10	0.30	17	0.10	0.0
2352	32301	20	0	0.30	0.10	0.30	17	0.10	0.0
2352	32301	21	0	0.30	0.10	0.30	17	0.10	0.0
2352	32395	01	0	0.20	0.10	0.20	00	0.30	0.0
2352	32395	02	0	0.20	0.10	0.20	00	0.30	0.0
2352	32395	06	0	0.20	0.10	0.20	00	0.15	0.0
2352	32395	07	0	0.20	0.10	0.20	00	0.15	0.0
2353	32301	5	0	0.30	0.10	0.30	0.10	17	0.0
2353	32301	6	0	0.30	0.10	0.30	0.10	17	0.0
2353	32301	7	0	0.30	0.10	0.30	0.10	17	0.0
2353	32301	9	0	0.30	0.10	0.30	0.10	17	0.0
2353	32301	10	0	0.30	0.10	0.30	0.10	17	0.0
2353	32301	11	0	0.30	0.10	0.30	0.10	17	0.0
2353	32301	13	0	0.30	0.10	0.30	0.10	17	0.0
2864	32301	01	0	0.30	0.10	0.30	17	0.10	0.0
2864	32301	02	0	0.30	0.10	0.30	17	0.10	0.0
2864	32301	03	0	0.30	0.10	0.30	17	0.10	0.0
2864	32301	04	0	0.30	0.10	0.30	17	0.10	0.0
2864	32301	05	0	0.30	0.10	0.30	17	0.10	0.0
2864	32301	06	0	0.30	0.10	0.30	17	0.10	0.0
2864	32301	07	0	0.30	0.10	0.30	17	0.10	0.0
2864	32301	08	0	0.30	0.10	0.30	17	0.10	0.0
2864	32301	09	0	0.30	0.10	0.30	17	0.10	0.0
2864	32301	10	0	0.30	0.10	0.30	17	0.10	0.0
2864	32301	11	0	0.30	0.10	0.30	17	0.10	0.0
2864	32395	03	0	0.20	0.10	0.20	00	0.30	0.0
2864	32395	04	0	0.20	0.10	0.20	00	0.30	0.0
2865	32301	02	0	0.30	0.10	0.30	17	0.10	0.0
2865	32301	03	0	0.30	0.10	0.30	17	0.10	0.0
2865	32301	04	0	0.30	0.10	0.30	17	0.10	0.0
3374	32301	01	0	0.30	0.10	0.30	17	0.10	0.0
3374	32301	02	0	0.30	0.10	0.30	17	0.10	0.0
3374	32301	03	0	0.30	0.10	0.30	17	0.10	0.0
3374	32301	04	0	0.30	0.10	0.30	17	0.10	0.0
3374	32301	05	0	0.30	0.10	0.30	17	0.10	0.0
3374	32301	06	0	0.30	0.10	0.30	17	0.10	0.0
3374	32301	07	0	0.30	0.10	0.30	17	0.10	0.0
3374	32301	08	0	0.30	0.10	0.30	17	0.10	0.0
3374	32301	09	0	0.30	0.10	0.30	17	0.10	0.0
3374	32301	10	0	0.30	0.10	0.30	17	0.10	0.0
3374	32395	01	0	0.20	0.10	0.20	00	0.30	0.0
3374	32395	02	0	0.20	0.10	0.20	00	0.30	0.0
6446	32301	3	0	0.30	0.10	0.30	17	1.00	0.0
6446	32301	4	0	0.30	0.10	0.30	17	1.00	0.0
6446	32301	5	0	0.30	0.10	0.30	17	1.00	0.0
6446	32301	7	0	0.30	0.10	0.30	17	1.00	0.0
6446	32301	8	0	0.30	0.10	0.30	17	1.00	0.0
6446	32301	9	0	0.30	0.10	0.30	17	1.00	0.0
6446	32301	12	0	0.30	0.10	0.30	17	1.00	0.0
6446	32301	13	0	0.30	0.10	0.30	17	1.00	0.0
6446	32301	14	0	0.30	0.10	0.30	17	1.00	0.0
6446	32301	15	0	0.30	0.10	0.30	17	1.00	0.0
6446	32301	16	0	0.30	0.10	0.30	17	1.00	0.0
6446	32301	17	0	0.30	0.10	0.30	17	1.00	0.0
6446	32301	18	0	0.30	0.10	0.30	17	1.00	0.0
6446	32301	19	0	0.30	0.10	0.30	17	1.00	0.0
6446	32301	20	0	0.30	0.10	0.30	17	1.00	0.0
6446	32301	21	0	0.30	0.10	0.30	17	1.00	0.0
6446	32301	22	0	0.30	0.10	0.30	17	1.00	0.0
6446	32301	23	0	0.30	0.10	0.30	17	1.00	0.0
6446	32301	24	0	0.30	0.10	0.30	17	1.00	0.0
6446	32301	25	0	0.30	0.10	0.30	17	1.00	0.0
6446	32301	26	0	0.30	0.10	0.30	17	1.00	0.0
6446	32301	27	0	0.30	0.10	0.30	17	1.00	0.0
6446	32301	30	0	0.30	0.10	0.30	17	1.00	0.0
6446	32301	31	0	0.30	0.10	0.30	17	1.00	0.0
6446	32301	32	0	0.30	0.10	0.30	17	1.00	0.0
6446	32301	33	0	0.30	0.10	0.30	17	1.00	0.0
6446	32301	34	0	0.30	0.10	0.30	17	1.00	0.0
6446	32301	35	0	0.30	0.10	0.30	17	1.00	0.0
6446	32395	22	0	0.20	0.10	0.20	0	0.50	0.0
6446	32395	23	0	0.20	0.10	0.20	0	0.50	0.0
6446	32395	39	0	0.20	0.10	0.20	0	0.35	0.0
6446	32395	40	0	0.20	0.10	0.20	0	0.35	0.0
6456	32301	01	0	0.30	0.10	0.30	17	0.50	0.0
6456	32301	02	0	0.30	0.10	0.30	17	0.50	0.0
6456	32301	03	0	0.30	0.10	0.30	17	0.50	0.0
6456	32301	04	0	0.30	0.10	0.30	17	0.50	0.0
6456	32395	3	0	0.20	0.10	0.20	00	0.35	0.0
6456	32395	4	0	0.20	0.10	0.20	00	0.35	0.0
6457	32386	3	0	0.3	0.1	0.0	4	0.7	0.0
6457	32386	4	0	0.3	0.1	0.0	4	0.7	0.0
6457	32386	5	0	0.3	0.1	0.0	4	0.7	0.0
6457	32386	6	0	0.3	0.1	0.0	4	0.7	0.0
6457	32386	7	0	0.3	0.1	0.0	4	0.7	0.0
6457	32386	18	0	0.5	0.1	0.0	4	0.3	0.0
6457	32386	19	0	0.5	0.1	0.0	4	0.3	0.0
6457	32386	20	0	0.5	0.1	0.0	4	0.3	0.0
6457	32386	21	0	0.5	0.1	0.0	4	0.3	0.0
6457	32386	22	0	0.5	0.1	0.0	4	0.3	0.0
6457	32386	23	0	0.5	0.1	0.0	4	0.3	0.0
6457	32386	24	0	0.5	0.1	0.0	4	0.3	0.0
6457	32386	25	0	0.5	0.1	0.0	4	0.3	0.0
6457	32386	26	0	0.5	0.1	0.0	4	0.3	0.0
6457	32386	27	0	0.5	0.1	0.0	4	0.3	0.0
6457	32386	28	0	0.5	0.1	0.0	4	0.3	0.0
6457	32386	29	0	0.5	0.1	0.0	4	0.3	0.0
6457	32392	23	0	1.0	1.0	1.0	0	0.4	0.0
6457	32392	29	0	1.0	1.0	1.0	0	0.4	0.0
6447	32386	3	0	0.3	0.1	0.0	4	0.7	0.0
6447	32386	4	0	0.3	0.1	0.0	4	0.7	0.0
6447	32386	5	0	0.3	0.1	0.0	4	0.7	0.0
6447	32386	6	0	0.3	0.1	0.0	4	0.7	0.0
6447	32386	7	0	0.3	0.1	0.0	4	0.7	0.0
6447	32386	18	0	0.5	0.1	0.0	4	0.3	0.0
6447	32386	19	0	0.5	0.1	0.0	4	0.3	0.0
6447	32386	20	0	0.5	0.1	0.0	4	0.3	0.0
6447	32386	21	0	0.5	0.1	0.0	4	0.3	0.0
6447	32386	22	0	0.5	0.1	0.0	4	0.3	0.0
6447	32386	23	0	0.5	0.1	0.0	4	0.3	0.0
6447	32386	24	0	0.5	0.1	0.0	4	0.3	0.0
6447	32386	25	0	0.5	0.1	0.0	4	0.3	0.0
6447	32386	26	0	0.5	0.1	0.0	4	0.3	0.0
6447	32386	27	0	0.5	0.1	0.0	4	0.3	0.0
6447	32386	28	0	0.5	0.1	0.0	4	0.3	0.0
6447	32386	29	0	0.5	0.1	0.0	4	0.3	0.0
6447	32392	23	0	1.0	1.0	1.0	0	0.4	0.0
6447	32392	29	0	1.0	1.0	1.0	0	0.4	0.0
311	32386	1	0	0.3	0.1	0.0	4	1.0	0.0
311	32386	2	0	0.3	0.1	0.0	4	1.0	0.0
311	32386	3	0	0.3	0.1	0.0	4	1.0	0.0
311	32386	4	0	0.3	0.1	0.0	4	1.0	0.0
311	32386	5	0	0.3	0.1	0.0	4	1.0	0.0
311	32386	6	0	0.3	0.1	0.0	4	1.0	0.0
311	32386	7	0	0.3	0.1	0.0	4	1.0	0.0
3375	32386	3	0	0.3	0.1	0.0	4	1.0	0.0
3375	32386	4	0	0.3	0.1	0.0	4	1.0	0.0
3375	32386	5	0	0.3	0.1	0.0	4	1.0	0.0
3375	32386	6	0	0.3	0.1	0.0	4	1.0	0.0
3375	32386	7	0	0.3	0.1	0.0	4	1.0	0.0
2354	32386	3	0	0.3	0.1	0.0	4	1.0	0.0
2354	32386	4	0	0.3	0.1	0.0	4	1.0	0.0
2354	32386	5	0	0.3	0.1	0.0	4	1.0	0.0
2354	32386	6	0	0.3	0.1	0.0	4	1.0	0.0
2354	32386	7	0	0.3	0.1	0.0	4	1.0	0.0
2354	32386	8	0	0.3	0.1	0.0	4	1.0	0.0
2354	32386	9	0	0.3	0.1	0.0	4	1.0	0.0
2354	32386	10	0	0.3	0.1	0.0	4	1.0	0.0
2354	32386	11	0	0.3	0.1	0.0	4	1.0	0.0
312	32386	1	0	0.3	0.1	0.0	4	1.0	0.0
312	32386	2	0	0.3	0.1	0.0	4	1.0	0.0
312	32386	3	0	0.3	0.1	0.0	4	1.0	0.0
312	32386	4	0	0.3	0.1	0.0	4	1.0	0.0
312	32386	5	0	0.3	0.1	0.0	4	1.0	0.0
312	32386	6	0	0.3	0.1	0.0	4	1.0	0.0
2866	32386	5	0	0.3	0.1	0.0	4	1.0	0.0
2866	32386	6	0	0.3	0.1	0.0	4	1.0	0.0
2866	32386	7	0	0.3	0.1	0.0	4	1.0	0.0
1327	32386	2	0	0.3	0.1	0.0	4	1.0	0.0
1327	32386	3	0	0.3	0.1	0.0	4	1.0	0.0
2867	32386	2	0	0.3	0.1	0.0	4	1.0	0.0
2867	32386	5	0	0.3	0.1	0.0	4	1.0	0.0
6458	32301	9	0	0.0	0.5	0.6	3	0.8	0.8
6458	32301	10	0	0.0	0.5	0.6	3	0.8	0.8
6458	32301	11	0	0.0	0.5	0.6	3	0.8	0.8
6458	32301	12	0	0.0	0.5	0.6	3	0.8	0.8
6458	32301	13	0	0.0	0.5	0.6	3	0.8	0.8
6458	32301	14	0	0.0	0.5	0.6	3	0.8	0.8
6458	32301	16	0	0.0	0.5	0.6	3	0.8	0.8
6458	32301	17	0	0.0	0.5	0.6	3	0.8	0.8
6458	32301	19	0	0.0	0.5	0.6	3	0.8	0.8
6458	32301	21	0	0.0	0.5	0.6	3	0.8	0.8
6458	32301	22	0	0.0	0.5	0.6	3	0.8	0.8
6458	32301	24	0	0.0	0.5	0.6	3	0.8	0.8
6458	32301	25	0	0.0	0.5	0.6	3	0.8	0.8
6458	32301	26	0	0.0	0.5	0.6	3	0.8	0.8
6458	32301	28	0	0.0	0.5	0.6	3	0.8	0.8
6458	32301	29	0	0.0	0.5	0.6	3	0.8	0.8
6458	32301	30	0	0.0	0.5	0.6	3	0.8	0.8
6458	32301	31	0	0.0	0.5	0.6	3	0.8	0.8
6458	32301	33	0	0.0	0.5	0.6	3	0.8	0.8
6458	32301	15	0	0.6	0.0	0.6	3	1.0	1.0
6458	32301	18	0	0.6	0.0	0.6	3	1.0	1.0
6458	32301	20	0	0.6	0.0	0.6	3	1.0	1.0
6458	32301	23	0	0.6	0.0	0.6	3	1.0	1.0
6458	32301	27	0	0.6	0.0	0.6	3	1.0	1.0
6458	32301	32	0	0.6	0.0	0.6	3	1.0	1.0
6448	32301	1	0	1.0	0.0	1.0	17	0.6	0.6
6448	32302	2	0	1.0	0.0	1.0	17	0.6	0.6
6448	32302	3	0	1.0	0.0	1.0	17	0.6	0.6
6448	32302	4	0	1.0	0.0	1.0	17	0.6	0.6
6448	32302	5	0	1.0	0.0	1.0	17	0.6	0.6
6448	32302	6	0	1.0	0.0	1.0	17	0.6	0.6
6448	32054	2	0	1.0	0.0	1.0	0	0.4	0.4
314	32302	16	0	1.0	0.0	1.0	17	0.6	0.6
314	32302	17	0	1.0	0.0	1.0	17	0.6	0.6
314	32302	18	0	1.0	0.0	1.0	17	0.6	0.6
314	32302	19	0	1.0	0.0	1.0	17	0.6	0.6
314	32302	20	0	1.0	0.0	1.0	17	0.6	0.6
315	32302	16	0	1.0	0.0	1.0	0.6	17	0.6
315	32302	17	0	1.0	0.0	1.0	0.6	17	0.6
315	32302	18	0	1.0	0.0	1.0	0.6	17	0.6
315	32302	19	0	1.0	0.0	1.0	0.6	17	0.6
315	32302	20	0	1.0	0.0	1.0	0.6	17	0.6
2868	32302	2	0	1.0	0.0	1.0	17	0.6	0.6
2868	32302	3	0	1.0	0.0	1.0	17	0.6	0.6
2868	32302	4	0	1.0	0.0	1.0	17	0.6	0.6
2868	32054	4	0	1.0	0.0	1.0	0	0.6	0.6
2869	32302	3	0	1.0	0.0	1.0	0.6	17	0.6
2869	32302	4	0	1.0	0.0	1.0	0.6	17	0.6
2869	32302	8	0	1.0	0.0	1.0	0.6	17	0.6
2869	32302	9	0	1.0	0.0	1.0	0.6	17	0.6
2869	32054	1	0	1.0	0.0	1.0	0.6	0	0.6
2869	32054	5	0	1.0	0.0	1.0	0.6	0	0.6
2356	32302	2	0	1.0	0.0	1.0	17	0.6	0.6
2356	32302	3	0	1.0	0.0	1.0	17	0.6	0.6
2356	32302	4	0	1.0	0.0	1.0	17	0.6	0.6
2356	32302	5	0	1.0	0.0	1.0	17	0.6	0.6
2356	32302	6	0	1.0	0.0	1.0	17	0.6	0.6
2356	32302	7	0	1.0	0.0	1.0	17	0.6	0.6
2356	32054	2	0	1.0	0.0	1.0	0	0.6	0.6
2357	32302	6	0	1.0	0.0	1.0	0.6	17	0.6
2357	32302	7	0	1.0	0.0	1.0	0.6	17	0.6
2357	32302	10	0	1.0	0.0	1.0	0.6	17	0.6
2357	32302	11	0	1.0	0.0	1.0	0.6	17	0.6
2357	32054	13	0	1.0	0.0	1.0	0.6	0	0.6
1328	32302	2	0	1.0	0.0	1.0	17	0.6	0.6
1328	32302	3	0	1.0	0.0	1.0	17	0.6	0.6
1328	32302	4	0	1.0	0.0	1.0	17	0.6	0.6
1328	32054	4	0	1.0	0.0	1.0	0	0.6	0.6
3376	32302	9	0	1.0	0.0	1.0	17	0.6	0.6
3376	32302	10	0	1.0	0.0	1.0	17	0.6	0.6
3376	32302	11	0	1.0	0.0	1.0	17	0.6	0.6
3376	32302	12	0	1.0	0.0	1.0	17	0.6	0.6
3376	32302	13	0	1.0	0.0	1.0	17	0.6	0.6
3376	32302	14	0	1.0	0.0	1.0	17	0.6	0.6
6459	32392	2	0	0.0	0.05	0.015	5	1.8	0.0
6459	32392	4	0	0.0	0.05	0.015	5	1.8	0.0
6459	32392	5	0	0.0	0.05	0.015	5	1.8	0.0
6459	32392	19	0	0.0	0.05	0.015	5	1.8	0.0
6459	32392	20	0	0.0	0.05	0.015	5	1.8	0.0
6459	32392	7	0	0.0	0.05	0.015	5	1.8	0.0
6459	32392	9	0	0.0	0.05	0.015	5	1.8	0.0
6459	32392	10	0	0.0	0.05	0.015	5	1.8	0.0
6459	32392	14	0	0.0	0.05	0.015	5	1.8	0.0
6459	32392	15	0	0.0	0.05	0.015	5	1.8	0.0
6459	32049	2	0	1.0	0.6	0.2	30	1.6	0.0
6459	32049	4	0	1.0	0.6	0.2	30	1.6	0.0
6459	32049	5	0	1.0	0.6	0.2	30	1.6	0.0
6459	32049	19	0	1.0	0.6	0.2	30	1.6	0.0
6459	32049	20	0	1.0	0.6	0.2	30	1.6	0.0
6459	32049	7	0	1.0	0.6	0.2	30	1.6	0.0
6459	32049	9	0	1.0	0.6	0.2	30	1.6	0.0
6459	32049	10	0	1.0	0.6	0.2	30	1.6	0.0
6459	32049	14	0	1.0	0.6	0.2	30	1.6	0.0
6459	32049	15	0	1.0	0.6	0.2	30	1.6	0.0
6460	32392	2	0	0.0	0.05	0.015	5	1.8	0.0
6460	32392	4	0	0.0	0.05	0.015	5	1.8	0.0
6460	32392	6	0	0.0	0.05	0.015	5	1.8	0.0
6460	32392	8	0	0.0	0.05	0.015	5	1.8	0.0
6460	32049	3	0	1.0	0.6	0.2	30	1.6	0.0
6460	32049	7	0	1.0	0.6	0.2	30	1.6	0.0
6449	32392	1	0	0.0	0.05	0.015	5	1.8	0.0
6449	32049	2	0	1.0	0.6	0.2	30	1.6	0.0
6449	32049	3	0	1.0	0.6	0.2	30	1.6	0.0
317	32101	2	0	0.19	0.18	0.0	31	1.2	0.0
317	32101	4	0	0.19	0.18	0.0	31	1.0	0.0
317	32101	5	0	0.19	0.18	0.0	31	0.8	0.0
318	32101	2	0	0.19	0.18	0.0	31	1.2	0.0
318	32101	4	0	0.19	0.18	0.0	31	1.0	0.0
318	32101	5	0	0.19	0.18	0.0	31	0.8	0.0
2358	32101	1	0	0.19	0.18	0.0	31	1.2	0.0
2358	32101	3	0	0.19	0.18	0.0	31	1.0	0.0
2358	32101	5	0	0.19	0.18	0.0	31	0.8	0.0
2359	32101	6	0	0.19	0.18	0.0	31	1.2	0.0
2359	32101	9	0	0.19	0.18	0.0	31	1.0	0.0
2359	32101	13	0	0.19	0.18	0.0	31	0.8	0.0
3377	32101	1	0	0.19	0.18	0.0	31	1.2	0.0
1329	32101	2	0	0.19	0.18	0.0	31	1.2	0.0
2870	32101	3	0	0.19	0.18	0.0	31	1.2	0.0
2871	32101	2	0	0.19	0.18	0.0	31	1.2	0.0
2871	32101	4	0	0.19	0.18	0.0	31	1.2	0.0
320	32272	1	0	0.3	0.3	0.3	5	0.2	0.0
320	32272	2	0	0.3	0.3	0.3	5	0.2	0.0
320	32272	3	0	0.3	0.3	0.3	5	0.2	0.0
320	32272	4	0	0.3	0.3	0.3	5	0.2	0.0
320	32272	5	0	0.3	0.3	0.3	5	0.2	0.0
320	32272	6	0	0.3	0.3	0.3	5	0.2	0.0
321	32272	1	0	0.3	0.3	0.3	5	0.2	0.0
321	32272	2	0	0.3	0.3	0.3	5	0.2	0.0
321	32272	3	0	0.3	0.3	0.3	5	0.2	0.0
321	32272	4	0	0.3	0.3	0.3	5	0.2	0.0
321	32272	5	0	0.3	0.3	0.3	5	0.2	0.0
321	32272	6	0	0.3	0.3	0.3	5	0.2	0.0
2872	32272	1	0	0.3	0.3	0.3	5	0.2	0.0
2872	32272	2	0	0.3	0.3	0.3	5	0.2	0.0
2872	32272	3	0	0.3	0.3	0.3	5	0.2	0.0
2872	32272	4	0	0.3	0.3	0.3	5	0.2	0.0
2872	32272	5	0	0.3	0.3	0.3	5	0.2	0.0
2872	32272	6	0	0.3	0.3	0.3	5	0.2	0.0
2872	32272	7	0	0.3	0.3	0.3	5	0.2	0.0
2873	32272	1	0	0.3	0.3	0.3	5	0.2	0.0
2873	32272	2	0	0.3	0.3	0.3	5	0.2	0.0
2873	32272	3	0	0.3	0.3	0.3	5	0.2	0.0
2873	32272	4	0	0.3	0.3	0.3	5	0.2	0.0
1330	32272	1	0	0.3	0.3	0.3	5	0.2	0.0
1330	32272	2	0	0.3	0.3	0.3	5	0.2	0.0
1330	32272	3	0	0.3	0.3	0.3	5	0.2	0.0
1330	32272	4	0	0.3	0.3	0.3	5	0.2	0.0
1330	32272	5	0	0.3	0.3	0.3	5	0.2	0.0
1330	32272	6	0	0.3	0.3	0.3	5	0.2	0.0
1330	32272	7	0	0.3	0.3	0.3	5	0.2	0.0
1330	32272	8	0	0.3	0.3	0.3	5	0.2	0.0
1330	32272	9	0	0.3	0.3	0.3	5	0.2	0.0
2360	32272	3	0	0.3	0.3	0.3	5	0.2	0.0
2360	32272	4	0	0.3	0.3	0.3	5	0.2	0.0
2360	32272	5	0	0.3	0.3	0.3	5	0.2	0.0
2360	32272	6	0	0.3	0.3	0.3	5	0.2	0.0
2360	32272	7	0	0.3	0.3	0.3	5	0.2	0.0
2360	32272	8	0	0.3	0.3	0.3	5	0.2	0.0
2360	32272	9	0	0.3	0.3	0.3	5	0.2	0.0
2361	32272	13	0	0.3	0.3	0.3	5	0.2	0.0
2361	32272	6	0	0.3	0.3	0.3	5	0.2	0.0
2361	32272	10	0	0.3	0.3	0.3	5	0.2	0.0
3378	32272	3	0	0.3	0.3	0.3	5	0.2	0.0
3378	32272	4	0	0.3	0.3	0.3	5	0.2	0.0
3378	32272	5	0	0.3	0.3	0.3	5	0.2	0.0
3378	32272	6	0	0.3	0.3	0.3	5	0.2	0.0
3378	32272	7	0	0.3	0.3	0.3	5	0.2	0.0
6461	32272	13	0	0.3	0.3	0.3	5	0.40	0.0
6461	32272	14	0	0.3	0.3	0.3	5	0.40	0.0
6461	32272	15	0	0.3	0.3	0.3	5	0.40	0.0
6461	32272	16	0	0.3	0.3	0.3	5	0.40	0.0
6461	32272	17	0	0.3	0.3	0.3	5	0.40	0.0
6461	32272	18	0	0.3	0.3	0.3	5	0.40	0.0
6461	32272	19	0	0.3	0.3	0.3	5	0.40	0.0
6461	32272	20	0	0.3	0.3	0.3	5	0.40	0.0
6461	32272	21	0	0.3	0.3	0.3	5	0.40	0.0
6461	32272	22	0	0.3	0.3	0.3	5	0.40	0.0
6461	32272	23	0	0.3	0.3	0.3	5	0.40	0.0
6461	32272	24	0	0.3	0.3	0.3	5	0.40	0.0
6450	32272	1	0	0.3	0.3	0.3	5	0.2	0.0
6450	32272	4	0	0.3	0.3	0.3	5	0.2	0.0
6450	32272	5	0	0.3	0.3	0.3	5	0.2	0.0
6450	32272	6	0	0.3	0.3	0.3	5	0.2	0.0
6450	32272	7	0	0.3	0.3	0.3	5	0.2	0.0
6450	32272	2	0	0.3	0.3	0.3	5	0.2	0.0
6450	32272	3	0	0.3	0.3	0.3	5	0.2	0.0
6462	32399	1	0	0.0	0.2	0.3	0	0.0	0.0
6462	32399	2	0	0.0	0.2	0.3	0	0.0	0.0
6462	32399	3	0	0.0	0.2	0.3	0	0.0	0.0
6462	32399	4	0	0.0	0.2	0.3	0	0.0	0.0
6462	32399	5	0	0.0	0.2	0.3	0	0.0	0.0
6462	32399	6	0	0.0	0.2	0.3	0	0.0	0.0
6462	32399	7	0	0.0	0.2	0.3	0	0.0	0.0
6462	32399	8	0	0.0	0.2	0.3	0	0.0	0.0
6462	32399	9	0	0.0	0.2	0.3	0	0.0	0.0
6462	32399	10	0	0.0	0.2	0.3	0	0.0	0.0
6462	32272	1	0	0.2	0.2	0.2	4	1.0	0.0
6462	32272	2	0	0.2	0.2	0.2	4	1.0	0.0
6462	32272	3	0	0.2	0.2	0.2	4	1.0	0.0
6462	32272	4	0	0.2	0.2	0.2	4	1.0	0.0
6462	32272	5	0	0.2	0.2	0.2	4	1.0	0.0
6462	32272	6	0	0.2	0.2	0.2	4	1.0	0.0
6462	32272	7	0	0.2	0.2	0.2	4	1.0	0.0
6462	32272	9	0	0.2	0.2	0.2	4	1.0	0.0
6451	32399	19	0	0.0	0.2	0.3	0	0.0	0.0
6451	32272	13	0	0.2	0.2	0.2	4	0.5	0.0
6451	32272	14	0	0.2	0.2	0.2	4	0.5	0.0
6451	32272	15	0	0.2	0.2	0.2	4	0.5	0.0
6451	32272	16	0	0.2	0.2	0.2	4	0.5	0.0
6451	32272	17	0	0.2	0.2	0.2	4	0.5	0.0
6451	32272	18	0	0.2	0.2	0.2	4	0.5	0.0
3379	32399	9	0	0.0	0.2	0.3	0	0.0	0.0
3379	32272	1	0	0.2	0.2	0.2	4	1.0	0.0
323	32399	1	0	0.0	0.2	0.3	0	0.0	0.0
323	32272	1	0	0.2	0.2	0.2	4	0.2	0.0
323	32272	2	0	0.2	0.2	0.2	4	0.2	0.0
323	32272	3	0	0.2	0.2	0.2	4	0.2	0.0
323	32272	4	0	0.2	0.2	0.2	4	0.2	0.0
323	32272	5	0	0.2	0.2	0.2	4	0.2	0.0
324	32399	1	0	0.0	0.2	0.3	0	0.0	0.0
324	32272	1	0	0.2	0.2	0.2	4	0.2	0.0
324	32272	2	0	0.2	0.2	0.2	4	0.2	0.0
324	32272	3	0	0.2	0.2	0.2	4	0.2	0.0
324	32272	4	0	0.2	0.2	0.2	4	0.2	0.0
324	32272	5	0	0.2	0.2	0.2	4	0.2	0.0
1331	32399	2	0	0.0	0.2	0.3	0	0.0	0.0
1331	32272	2	0	0.2	0.2	0.2	4	0.2	0.0
2362	32399	1	0	0.0	0.2	0.3	0	0.0	0.0
2362	32272	1	0	0.2	0.2	0.2	4	0.2	0.0
2363	32399	13	0	0.0	0.2	0.3	0	0.0	0.0
2363	32272	13	0	0.2	0.2	0.2	4	0.2	0.0
2874	32399	2	0	0.0	0.2	0.3	0	0.0	0.0
2874	32272	2	0	0.2	0.2	0.2	4	0.2	0.0
2875	32399	1	0	0.0	0.2	0.3	0	0.0	0.0
2875	32399	4	0	0.0	0.2	0.3	0	0.0	0.0
2875	32272	1	0	0.2	0.2	0.2	4	0.2	0.0
2875	32272	4	0	0.2	0.2	0.2	4	0.2	0.0
328	32386	2	0	0.2	0.1	0.0	1	0.7	0.0
328	32386	3	0	0.2	0.1	0.0	1	0.7	0.0
328	32386	4	0	0.2	0.1	0.0	1	0.7	0.0
328	32386	5	0	0.2	0.1	0.0	1	0.7	0.0
328	32386	9	0	0.2	0.1	0.0	1	0.7	0.0
328	32392	2	0	1.0	1.0	1.0	2	0.3	0.0
1332	32386	2	0	0.2	0.1	0.0	1	0.7	0.0
1332	32386	3	0	0.2	0.1	0.0	1	0.7	0.0
1332	32386	4	0	0.2	0.1	0.0	1	0.7	0.0
1332	32386	5	0	0.2	0.1	0.0	1	0.7	0.0
1332	32386	9	0	0.2	0.1	0.0	1	0.7	0.0
1332	32392	1	0	1.0	1.0	1.0	2	0.3	0.0
2364	32386	2	0	0.2	0.1	0.0	1	0.7	0.0
2364	32386	3	0	0.2	0.1	0.0	1	0.7	0.0
2364	32386	4	0	0.2	0.1	0.0	1	0.7	0.0
2364	32386	5	0	0.2	0.1	0.0	1	0.7	0.0
2364	32386	9	0	0.2	0.1	0.0	1	0.7	0.0
2364	32392	1	0	1.0	1.0	1.0	2	0.3	0.0
2365	32386	6	0	0.2	0.1	0.0	1	0.7	0.0
2365	32386	7	0	0.2	0.1	0.0	1	0.7	0.0
2365	32386	10	0	0.2	0.1	0.0	1	0.7	0.0
2365	32392	11	0	1.0	1.0	1.0	2	0.3	0.0
2365	32392	12	0	1.0	1.0	1.0	2	0.3	0.0
329	32386	2	0	0.2	0.1	0.0	1	0.7	0.0
329	32386	3	0	0.2	0.1	0.0	1	0.7	0.0
329	32386	4	0	0.2	0.1	0.0	1	0.7	0.0
329	32386	5	0	0.2	0.1	0.0	1	0.7	0.0
329	32386	9	0	0.2	0.1	0.0	1	0.7	0.0
329	32392	1	0	1.0	1.0	1.0	2	0.3	0.0
329	32392	2	0	1.0	1.0	1.0	2	0.3	0.0
329	32392	4	0	1.0	1.0	1.0	2	0.3	0.0
329	32392	6	0	1.0	1.0	1.0	2	0.3	0.0
329	32392	9	0	1.0	1.0	1.0	2	0.3	0.0
327	32386	3	0	0.2	0.1	0.0	1	0.7	0.0
327	32386	4	0	0.2	0.1	0.0	1	0.7	0.0
327	32386	5	0	0.2	0.1	0.0	1	0.7	0.0
327	32386	6	0	0.2	0.1	0.0	1	0.7	0.0
327	32386	7	0	0.2	0.1	0.0	1	0.7	0.0
327	32386	8	0	0.2	0.1	0.0	1	0.7	0.0
327	32392	4	0	1.0	1.0	1.0	2	0.3	0.0
327	32392	6	0	1.0	1.0	1.0	2	0.3	0.0
327	32392	8	0	1.0	1.0	1.0	2	0.3	0.0
3380	32386	1	0	0.2	0.1	0.0	1	0.7	0.0
3380	32386	2	0	0.2	0.1	0.0	1	0.7	0.0
3380	32386	3	0	0.2	0.1	0.0	1	0.7	0.0
3380	32386	4	0	0.2	0.1	0.0	1	0.7	0.0
3380	32386	5	0	0.2	0.1	0.0	1	0.7	0.0
3380	32386	9	0	0.2	0.1	0.0	1	0.7	0.0
3380	32386	8	0	0.2	0.1	0.0	1	0.7	0.0
3380	32392	1	0	1.0	1.0	1.0	2	0.3	0.0
3380	32392	2	0	1.0	1.0	1.0	2	0.3	0.0
3380	32392	3	0	1.0	1.0	1.0	2	0.3	0.0
3380	32392	4	0	1.0	1.0	1.0	2	0.3	0.0
3380	32392	5	0	1.0	1.0	1.0	2	0.3	0.0
2876	32386	2	0	0.2	0.1	0.0	1	0.7	0.0
2876	32386	3	0	0.2	0.1	0.0	1	0.7	0.0
2876	32386	4	0	0.2	0.1	0.0	1	0.7	0.0
2876	32386	5	0	0.2	0.1	0.0	1	0.7	0.0
2876	32386	6	0	0.2	0.1	0.0	1	0.7	0.0
2876	32386	7	0	0.2	0.1	0.0	1	0.7	0.0
2876	32386	8	0	0.2	0.1	0.0	1	0.7	0.0
2876	32386	9	0	0.2	0.1	0.0	1	0.7	0.0
2876	32392	2	0	1.0	1.0	1.0	2	0.3	0.0
2876	32392	3	0	1.0	1.0	1.0	2	0.3	0.0
2877	32386	1	0	0.2	0.1	0.0	1	0.7	0.0
2877	32386	2	0	0.2	0.1	0.0	1	0.7	0.0
2877	32386	3	0	0.2	0.1	0.0	1	0.7	0.0
2877	32386	4	0	0.2	0.1	0.0	1	0.7	0.0
2877	32386	5	0	0.2	0.1	0.0	1	0.7	0.0
2877	32386	6	0	0.2	0.1	0.0	1	0.7	0.0
6452	32386	2	0	0.2	0.1	0.0	1	0.7	0.0
6452	32386	3	0	0.2	0.1	0.0	1	0.7	0.0
6452	32386	4	0	0.2	0.1	0.0	1	0.7	0.0
6452	32386	5	0	0.2	0.1	0.0	1	0.7	0.0
6452	32386	9	0	0.2	0.1	0.0	1	0.7	0.0
6452	32392	1	0	1.0	1.0	1.0	2	0.3	0.0
6463	32386	2	0	0.2	0.1	0.0	1	0.7	0.0
6463	32386	3	0	0.2	0.1	0.0	1	0.7	0.0
6463	32386	4	0	0.2	0.1	0.0	1	0.7	0.0
6463	32386	5	0	0.2	0.1	0.0	1	0.7	0.0
6463	32386	6	0	0.2	0.1	0.0	1	0.7	0.0
6463	32386	7	0	0.2	0.1	0.0	1	0.7	0.0
6463	32386	8	0	0.2	0.1	0.0	1	0.7	0.0
6463	32386	9	0	0.2	0.1	0.0	1	0.7	0.0
6463	32386	10	0	0.2	0.1	0.0	1	0.7	0.0
6463	32386	11	0	0.2	0.1	0.0	1	0.7	0.0
6463	32386	12	0	0.2	0.1	0.0	1	0.7	0.0
6463	32386	13	0	0.2	0.1	0.0	1	0.7	0.0
6463	32386	14	0	0.2	0.1	0.0	1	0.7	0.0
6463	32386	15	0	0.2	0.1	0.0	1	0.7	0.0
6463	32386	16	0	0.2	0.1	0.0	1	0.7	0.0
6463	32386	17	0	0.2	0.1	0.0	1	0.7	0.0
6463	32386	18	0	0.2	0.1	0.0	1	0.7	0.0
6463	32386	19	0	0.2	0.1	0.0	1	0.7	0.0
6463	32386	20	0	0.2	0.1	0.0	1	0.7	0.0
6463	32386	21	0	0.2	0.1	0.0	1	0.7	0.0
6463	32392	4	0	1.0	1.0	1.0	2	0.3	0.0
6463	32392	5	0	1.0	1.0	1.0	2	0.3	0.0
6463	32392	6	0	1.0	1.0	1.0	2	0.3	0.0
6463	32392	7	0	1.0	1.0	1.0	2	0.3	0.0
6463	32392	9	0	1.0	1.0	1.0	2	0.3	0.0
6463	32392	10	0	1.0	1.0	1.0	2	0.3	0.0
6463	32392	11	0	1.0	1.0	1.0	2	0.3	0.0
6463	32392	14	0	1.0	1.0	1.0	2	0.3	0.0
6463	32392	15	0	1.0	1.0	1.0	2	0.3	0.0
6463	32392	16	0	1.0	1.0	1.0	2	0.3	0.0
6463	32392	17	0	1.0	1.0	1.0	2	0.3	0.0
6463	32392	19	0	1.0	1.0	1.0	2	0.3	0.0
6463	32392	20	0	1.0	1.0	1.0	2	0.3	0.0
6463	32392	21	0	1.0	1.0	1.0	2	0.3	0.0
6464	32386	21	0	0.3	0.12	0.0	0	0.1	0.1
6464	32386	22	0	0.3	0.12	0.0	0	0.1	0.1
6464	32386	2	0	0.3	0.15	0.0	4	0.5	0.5
6464	32386	3	0	0.3	0.15	0.0	4	0.5	0.5
6464	32386	4	0	0.3	0.15	0.0	4	0.5	0.5
6464	32386	5	0	0.3	0.15	0.0	4	0.5	0.5
6464	32386	6	0	0.3	0.15	0.0	4	0.5	0.5
6464	32386	7	0	0.3	0.15	0.0	4	0.5	0.5
6464	32386	8	0	0.3	0.15	0.0	4	0.5	0.5
6464	32386	10	0	0.3	0.15	0.0	4	0.5	0.5
6464	32386	11	0	0.3	0.15	0.0	4	0.5	0.5
6464	32386	12	0	0.3	0.15	0.0	4	0.5	0.5
6464	32386	13	0	0.3	0.15	0.0	4	0.5	0.5
6464	32386	14	0	0.3	0.15	0.0	4	0.5	0.5
6464	32386	15	0	0.3	0.15	0.0	4	0.5	0.5
6464	32386	16	0	0.3	0.15	0.0	4	0.5	0.5
6464	32386	21	0	0.3	0.15	0.0	4	0.5	0.5
6464	32386	22	0	0.3	0.15	0.0	4	0.5	0.5
6464	32386	23	0	0.3	0.15	0.0	4	0.5	0.5
6464	32386	24	0	0.3	0.15	0.0	4	0.5	0.5
6464	32386	25	0	0.3	0.15	0.0	4	0.5	0.5
6464	32386	26	0	0.3	0.15	0.0	4	0.5	0.5
6464	32386	27	0	0.3	0.15	0.0	4	0.5	0.5
6464	32386	28	0	0.3	0.15	0.0	4	0.5	0.5
6453	32386	1	0	0.3	0.12	0.0	0	0.1	0.1
6453	32386	2	0	0.3	0.12	0.0	0	0.1	0.1
6453	32386	1	0	0.3	0.15	0.0	4	0.5	0.5
6453	32386	2	0	0.3	0.15	0.0	4	0.5	0.5
6453	32386	3	0	0.3	0.15	0.0	4	0.5	0.5
6453	32386	4	0	0.3	0.15	0.0	4	0.5	0.5
3381	32386	2	0	0.3	0.15	0.0	4	0.5	0.5
3381	32386	3	0	0.3	0.15	0.0	4	0.5	0.5
3381	32386	4	0	0.3	0.15	0.0	4	0.5	0.5
3381	32386	1	0	0.3	0.15	0.0	4	0.5	0.5
331	32386	2	0	0.3	0.15	0.0	4	0.5	0.5
331	32386	3	0	0.3	0.15	0.0	4	0.5	0.5
331	32386	4	0	0.3	0.15	0.0	4	0.5	0.5
331	32386	1	0	0.3	0.15	0.0	4	0.5	0.5
332	32386	2	0	0.3	0.15	0.0	4	0.5	0.5
332	32386	3	0	0.3	0.15	0.0	4	0.5	0.5
332	32386	4	0	0.3	0.15	0.0	4	0.5	0.5
332	32386	1	0	0.3	0.15	0.0	4	0.5	0.5
1333	32386	2	0	0.3	0.15	0.0	4	0.5	0.5
1333	32386	1	0	0.3	0.15	0.0	4	0.5	0.5
2878	32386	2	0	0.3	0.15	0.0	4	0.5	0.5
2878	32386	1	0	0.3	0.15	0.0	4	0.5	0.5
2879	32386	2	0	0.3	0.15	0.0	4	0.5	0.5
2879	32386	1	0	0.3	0.15	0.0	4	0.5	0.5
2879	32386	3	0	0.3	0.15	0.0	4	0.5	0.5
2879	32386	4	0	0.3	0.15	0.0	4	0.5	0.5
2366	32386	2	0	0.3	0.15	0.0	4	0.5	0.5
2366	32386	1	0	0.3	0.15	0.0	4	0.5	0.5
2366	32386	3	0	0.3	0.15	0.0	4	0.5	0.5
2366	32386	4	0	0.3	0.15	0.0	4	0.5	0.5
2366	32386	5	0	0.3	0.15	0.0	4	0.5	0.5
2367	32386	5	0	0.3	0.15	0.0	4	0.5	0.5
2367	32386	6	0	0.3	0.15	0.0	4	0.5	0.5
2367	32386	7	0	0.3	0.15	0.0	4	0.5	0.5
2367	32386	9	0	0.3	0.15	0.0	4	0.5	0.5
2367	32386	10	0	0.3	0.15	0.0	4	0.5	0.5
2367	32386	11	0	0.3	0.15	0.0	4	0.5	0.5
2367	32386	13	0	0.3	0.15	0.0	4	0.5	0.5
3115	32386	20	0	0.7	0.0	0.0	0.0	0.0	0.0
3117	32386	13	0	0.9	0.7	0.2	0.0	0.0	0.0
3119	32386	19	0	0.9	0.9	0.3	0.0	0.0	0.0
6466	32386	3	0	1.0	0.5	0.0	4	0.3	0.3
6466	32386	4	0	1.0	0.5	0.0	4	0.3	0.3
6466	32386	7	0	1.0	0.5	0.0	4	0.3	0.3
6466	32386	15	0	1.0	0.5	0.0	4	0.3	0.3
6466	32386	16	0	1.0	0.5	0.0	4	0.3	0.3
6466	32386	24	0	1.0	0.5	0.0	4	0.3	0.3
6466	32386	26	0	1.0	0.5	0.0	4	0.3	0.3
6466	32386	28	0	1.0	0.5	0.0	4	0.3	0.3
6466	32386	36	0	1.0	0.5	0.0	4	0.3	0.3
6466	32386	37	0	1.0	0.5	0.0	4	0.3	0.3
6466	32393	48	0	0.6	0.54	0.0	3	0.5	0.5
6466	32393	24	0	0.6	0.54	0.0	3	0.5	0.5
6465	32386	1	0	1.0	0.5	0.0	4	0.3	0.3
6465	32386	3	0	1.0	0.5	0.0	4	0.3	0.3
6465	32386	6	0	1.0	0.5	0.0	4	0.3	0.3
6465	32386	9	0	1.0	0.5	0.0	4	0.3	0.3
6465	32393	10	0	0.6	0.54	0.0	3	0.5	0.5
2368	32386	5	0	1.0	0.5	0.0	4	0.3	0.3
2368	32386	7	0	1.0	0.5	0.0	4	0.3	0.3
2368	32386	0	0	1.0	0.5	0.0	4	0.3	0.3
2368	32393	11	0	0.6	0.54	0.0	3	0.5	0.5
2369	32386	2	0	1.0	0.5	0.0	4	0.3	0.3
2369	32386	3	0	1.0	0.5	0.0	4	0.3	0.3
2369	32386	4	0	1.0	0.5	0.0	4	0.3	0.3
2369	32386	5	0	1.0	0.5	0.0	4	0.3	0.3
2369	32393	1	0	0.6	0.54	0.0	3	0.5	0.5
334	32386	1	0	0.8	0.4	0.0	4	0.3	0.3
334	32386	2	0	0.8	0.4	0.0	4	0.3	0.3
334	32386	3	0	0.8	0.4	0.0	4	0.3	0.3
334	32386	4	0	0.8	0.4	0.0	4	0.3	0.3
334	32386	5	0	0.8	0.4	0.0	4	0.3	0.3
334	32386	7	0	0.8	0.4	0.0	4	0.3	0.3
334	32386	8	0	0.8	0.4	0.0	4	0.3	0.3
334	32386	9	0	0.8	0.4	0.0	4	0.3	0.3
334	32386	10	0	0.8	0.4	0.0	4	0.3	0.3
334	32393	1	0	0.6	0.54	0.0	3	0.5	0.5
335	32386	1	0	0.8	0.4	0.0	4	0.3	0.3
335	32386	2	0	0.8	0.4	0.0	4	0.3	0.3
335	32386	3	0	0.8	0.4	0.0	4	0.3	0.3
335	32386	4	0	0.8	0.4	0.0	4	0.3	0.3
335	32386	5	0	0.8	0.4	0.0	4	0.3	0.3
335	32386	7	0	0.8	0.4	0.0	4	0.3	0.3
335	32386	8	0	0.8	0.4	0.0	4	0.3	0.3
335	32386	9	0	0.8	0.4	0.0	4	0.3	0.3
335	32386	10	0	0.8	0.4	0.0	4	0.3	0.3
335	32393	1	0	0.6	0.54	0.0	3	0.5	0.5
1334	32386	1	0	0.8	0.4	0.0	4	0.3	0.3
1334	32393	2	0	0.6	0.54	0.0	3	0.5	0.5
2880	32386	5	0	0.8	0.4	0.0	4	0.3	0.3
2880	32386	6	0	0.8	0.4	0.0	4	0.3	0.3
2880	32386	7	0	0.8	0.4	0.0	4	0.3	0.3
2880	32386	10	0	0.8	0.4	0.0	4	0.3	0.3
2880	32393	1	0	0.6	0.54	0.0	3	0.5	0.5
2881	32386	1	0	0.8	0.4	0.0	4	0.3	0.3
2881	32386	3	0	0.8	0.4	0.0	4	0.3	0.3
2881	32393	2	0	0.6	0.54	0.0	3	0.5	0.5
2881	32393	4	0	0.6	0.54	0.0	3	0.5	0.5
3382	32386	1	0	0.8	0.4	0.0	4	0.3	0.3
3382	32386	2	0	0.8	0.4	0.0	4	0.3	0.3
3382	32386	3	0	0.8	0.4	0.0	4	0.3	0.3
3382	32386	4	0	0.8	0.4	0.0	4	0.3	0.3
3382	32386	5	0	0.8	0.4	0.0	4	0.3	0.3
3382	32386	6	0	0.8	0.4	0.0	4	0.3	0.3
3382	32386	7	0	0.8	0.4	0.0	4	0.3	0.3
3382	32386	8	0	0.8	0.4	0.0	4	0.3	0.3
3382	32393	7	0	0.6	0.54	0.0	3	0.5	0.5
6467	32395	1	0	0.2	0.0	0.0	0	2.0	0.0
6468	32395	25	0	0.2	0.0	0.0	0	2.0	0.0
6468	32395	26	0	0.2	0.0	0.0	0	2.0	0.0
337	32395	2	0	0.2	0.0	0.0	0	2.0	0.0
337	32124	2	0	0.2	0.2	0.1	3	0.5	0.5
337	32301	11	0	0.2	0.2	0.3	3	1.8	1.8
337	32301	12	0	0.2	0.2	0.3	3	1.5	1.5
337	32301	13	0	0.2	0.2	0.3	3	1.2	1.2
337	32301	14	0	0.2	0.2	0.3	3	0.8	0.8
337	32301	15	0	0.2	0.2	0.3	3	0.8	0.8
338	32395	2	0	0.2	0.0	0.0	0	2.0	0.0
2370	32395	1	0	0.2	0.0	0.0	0	2.0	0.0
2371	32395	1	0	0.2	0.0	0.0	0	2.0	0.0
2882	32395	2	0	0.2	0.0	0.0	0	2.0	0.0
2883	32395	1	0	0.2	0.0	0.0	0	2.0	0.0
2883	32395	2	0	0.2	0.0	0.0	0	2.0	0.0
1335	32395	2	0	0.2	0.0	0.0	0	2.0	0.0
3383	32395	4	0	0.2	0.0	0.0	0	2.0	0.0
346	32393	1	0	0.6	0.54	0.0	3	0.5	0.5
346	32393	2	0	0.6	0.54	0.0	3	0.3	0.3
346	32393	3	0	0.6	0.54	0.0	3	0.4	0.4
1336	32393	1	0	0.6	0.54	0.0	3	0.5	0.5
2884	32393	1	0	0.6	0.54	0.0	3	0.5	0.5
2884	32393	2	0	0.6	0.54	0.0	3	0.3	0.3
2885	32393	6	0	0.6	0.54	0.0	3	0.5	0.5
2885	32393	9	0	0.6	0.54	0.0	3	0.3	0.3
340	32393	6	0	0.6	0.54	0.0	3	0.5	0.5
340	32393	8	0	0.6	0.54	0.0	3	0.3	0.3
340	32393	9	0	0.6	0.54	0.0	3	0.4	0.4
341	32393	6	0	0.6	0.54	0.0	3	0.5	0.5
341	32393	8	0	0.6	0.54	0.0	3	0.3	0.3
341	32393	9	0	0.6	0.54	0.0	3	0.4	0.4
3384	32393	6	0	0.6	0.54	0.0	3	0.4	0.5
3384	32393	7	0	0.6	0.54	0.0	3	0.3	0.4
3384	32101	7	0	1.0	0.0	0.0	12	0.6	0.6
2372	32393	1	0	0.6	0.54	0.0	3	0.5	0.5
2372	32393	2	0	0.6	0.54	0.0	3	0.5	0.5
2373	32393	1	0	0.6	0.54	0.0	3	0.5	0.5
2373	32393	2	0	0.6	0.54	0.0	3	0.5	0.5
6470	32002	3	0	0.4	0.2	0.0	1	0.4	0.5
6470	32002	4	0	0.4	0.2	0.0	1	0.4	0.5
6470	32002	5	0	0.4	0.2	0.0	1	0.4	0.5
6470	32002	6	0	0.4	0.2	0.0	1	0.4	0.5
6470	32002	7	0	0.4	0.2	0.0	1	0.4	0.5
6470	32002	9	0	0.4	0.2	0.0	1	0.4	0.5
6470	32002	10	0	0.4	0.2	0.0	1	0.4	0.5
6470	32002	12	0	0.4	0.2	0.0	1	0.4	0.5
6470	32002	25	0	0.4	0.2	0.0	1	0.4	0.5
6470	32002	15	0	0.4	0.2	0.0	1	0.4	0.5
6470	32002	16	0	0.4	0.2	0.0	1	0.4	0.5
6470	32002	17	0	0.4	0.2	0.0	1	0.4	0.5
6470	32002	18	0	0.4	0.2	0.0	1	0.4	0.5
6470	32002	19	0	0.4	0.2	0.0	1	0.4	0.5
6470	32002	21	0	0.4	0.2	0.0	1	0.4	0.5
6470	32002	22	0	0.4	0.2	0.0	1	0.4	0.5
6470	32002	24	0	0.4	0.2	0.0	1	0.4	0.5
6470	32002	26	0	0.4	0.2	0.0	1	0.4	0.5
6470	32393	11	0	0.6	0.54	0.0	3	0.4	0.5
6470	32393	23	0	0.6	0.54	0.0	3	0.4	0.5
6469	32393	7	0	0.6	0.54	0.0	3	0.3	0.4
6469	32393	8	0	0.6	0.54	0.0	3	0.3	0.4
6472	32101	28	0	1.0	0.0	0.0	12	0.6	0.6
6472	32101	6	0	1.0	0.0	0.0	12	0.6	0.6
6476	32386	9	0	0.4	0.0	0.0	1	1.5	0.8
6476	32386	11	0	0.4	0.0	0.0	1	1.5	0.8
6476	32386	13	0	0.4	0.0	0.0	1	1.5	0.8
6476	32386	14	0	0.4	0.0	0.0	1	1.5	0.8
6476	32386	15	0	0.4	0.0	0.0	1	1.5	0.8
6476	32386	18	0	0.4	0.0	0.0	1	1.5	0.8
6476	32386	9	0	1.0	0.0	0.0	4	0.5	0.8
6476	32386	11	0	1.0	0.0	0.0	4	0.5	0.8
6476	32386	13	0	1.0	0.0	0.0	4	0.5	0.8
6476	32386	14	0	1.0	0.0	0.0	4	0.5	0.8
6476	32386	15	0	1.0	0.0	0.0	4	0.5	0.8
6476	32386	18	0	1.0	0.0	0.0	4	0.5	0.8
6475	32386	2	0	0.4	0.0	0.0	1	1.0	0.8
6475	32386	1	0	1.0	0.0	0.0	4	0.5	0.8
354	32386	1	0	1.0	0.0	0.0	4	0.5	0.8
354	32386	2	0	1.0	0.0	0.0	4	0.5	0.8
354	32386	3	0	1.0	0.0	0.0	4	0.5	0.8
354	32386	4	0	1.0	0.0	0.0	4	0.5	0.8
354	32386	5	0	1.0	0.0	0.0	4	0.5	0.8
1339	32386	1	0	1.0	0.0	0.0	4	0.5	0.8
1339	32386	2	0	1.0	0.0	0.0	4	0.5	0.8
3387	32386	1	0	1.0	0.0	0.0	4	0.5	0.8
3387	32386	2	0	1.0	0.0	0.0	4	0.5	0.8
2891	32386	1	0	1.0	0.0	0.0	4	0.5	0.8
2891	32386	2	0	1.0	0.0	0.0	4	0.5	0.8
357	32386	1	0	1.0	0.0	0.0	4	0.5	0.8
357	32386	2	0	1.0	0.0	0.0	4	0.5	0.8
357	32386	3	0	1.0	0.0	0.0	4	0.5	0.8
357	32386	4	0	1.0	0.0	0.0	4	0.5	0.8
355	32386	1	0	1.0	0.0	0.0	4	0.5	0.8
355	32386	2	0	1.0	0.0	0.0	4	0.5	0.8
355	32386	3	0	1.0	0.0	0.0	4	0.5	0.8
355	32386	4	0	1.0	0.0	0.0	4	0.5	0.8
2890	32386	3	0	1.0	0.0	0.0	4	0.5	0.8
2890	32386	4	0	1.0	0.0	0.0	4	0.5	0.8
2890	32386	5	0	1.0	0.0	0.0	4	0.5	0.8
2378	32386	1	0	1.0	0.0	0.0	4	0.5	0.8
2378	32386	2	0	1.0	0.0	0.0	4	0.5	0.8
2378	32386	3	0	1.0	0.0	0.0	4	0.5	0.8
2378	32386	4	0	1.0	0.0	0.0	4	0.5	0.8
2378	32386	5	0	1.0	0.0	0.0	4	0.5	0.8
2378	32386	6	0	1.0	0.0	0.0	4	0.5	0.8
2379	32386	1	0	1.0	0.0	0.0	4	0.5	0.8
2379	32386	2	0	1.0	0.0	0.0	4	0.5	0.8
2379	32386	3	0	1.0	0.0	0.0	4	0.5	0.8
2379	32386	4	0	1.0	0.0	0.0	4	0.5	0.8
2379	32386	5	0	1.0	0.0	0.0	4	0.5	0.8
2379	32386	6	0	1.0	0.0	0.0	4	0.5	0.8
362	32386	1	0	0.6	0.0	0.5	4	0.3	0.0
362	32386	2	0	0.6	0.0	0.5	4	0.3	0.0
362	32386	3	0	0.6	0.0	0.5	4	0.3	0.0
362	32386	4	0	0.6	0.0	0.5	4	0.3	0.0
362	32386	5	0	0.6	0.0	0.5	4	0.3	0.0
363	32386	1	0	0.6	0.0	0.5	4	0.3	0.0
363	32386	2	0	0.6	0.0	0.5	4	0.3	0.0
363	32386	3	0	0.6	0.0	0.5	4	0.3	0.0
363	32386	4	0	0.6	0.0	0.5	4	0.3	0.0
363	32386	5	0	0.6	0.0	0.5	4	0.3	0.0
3389	32386	1	0	0.6	0.0	0.5	4	0.3	0.0
3389	32386	2	0	0.6	0.0	0.5	4	0.3	0.0
3389	32386	3	0	0.6	0.0	0.5	4	0.3	0.0
3389	32386	4	0	0.6	0.0	0.5	4	0.3	0.0
3389	32386	5	0	0.6	0.0	0.5	4	0.3	0.0
3389	32386	6	0	0.6	0.0	0.5	4	0.3	0.0
365	32386	1	0	0.6	0.0	0.5	4	0.3	0.0
365	32386	2	0	0.6	0.0	0.5	4	0.3	0.0
365	32386	3	0	0.6	0.0	0.5	4	0.3	0.0
365	32386	4	0	0.6	0.0	0.5	4	0.3	0.0
365	32386	5	0	0.4	0.0	0.5	4	0.3	0.0
365	32386	6	0	0.4	0.0	0.5	4	0.3	0.0
1341	32386	1	0	0.6	0.0	0.5	4	0.3	0.0
1341	32386	2	0	0.6	0.0	0.5	4	0.3	0.0
1341	32386	3	0	0.6	0.0	0.5	4	0.3	0.0
1341	32386	4	0	0.6	0.0	0.5	4	0.3	0.0
2894	32386	1	0	0.6	0.0	0.5	4	0.3	0.0
2894	32386	2	0	0.6	0.0	0.5	4	0.3	0.0
2894	32386	3	0	0.6	0.0	0.5	4	0.3	0.0
2895	32386	1	0	0.6	0.0	0.5	4	0.3	0.0
2895	32386	2	0	0.6	0.0	0.5	4	0.3	0.0
2895	32386	3	0	0.6	0.0	0.5	4	0.3	0.0
2895	32386	4	0	0.6	0.0	0.5	4	0.3	0.0
2895	32386	5	0	0.6	0.0	0.5	4	0.3	0.0
2895	32386	6	0	0.6	0.0	0.5	4	0.3	0.0
2383	32386	1	0	0.6	0.0	0.5	4	0.3	0.0
2383	32386	2	0	0.6	0.0	0.5	4	0.3	0.0
2383	32386	3	0	0.6	0.0	0.5	4	0.3	0.0
2383	32386	4	0	0.6	0.0	0.5	4	0.3	0.0
2383	32386	5	0	0.6	0.0	0.5	4	0.3	0.0
2383	32386	6	0	0.6	0.0	0.5	4	0.3	0.0
2383	32386	7	0	0.6	0.0	0.5	4	0.3	0.0
2383	32386	8	0	0.6	0.0	0.5	4	0.3	0.0
2383	32386	9	0	0.6	0.0	0.5	4	0.3	0.0
2383	32386	10	0	0.6	0.0	0.5	4	0.3	0.0
2382	32386	1	0	0.6	0.0	0.5	4	0.3	0.0
2382	32386	2	0	0.6	0.0	0.5	4	0.3	0.0
2382	32386	3	0	0.6	0.0	0.5	4	0.3	0.0
2382	32386	4	0	0.6	0.0	0.5	4	0.3	0.0
2382	32386	5	0	0.6	0.0	0.5	4	0.3	0.0
2382	32386	6	0	0.6	0.0	0.5	4	0.3	0.0
2382	32386	7	0	0.6	0.0	0.5	4	0.3	0.0
2382	32386	8	0	0.6	0.0	0.5	4	0.3	0.0
2382	32386	9	0	0.6	0.0	0.5	4	0.3	0.0
2382	32386	10	0	0.6	0.0	0.5	4	0.3	0.0
6480	32101	1	0	0.1	0.0	0.1	45	0.5	0.0
6480	32101	2	0	0.1	0.0	0.1	45	0.5	0.0
6480	32101	3	0	0.1	0.0	0.1	45	0.5	0.0
6480	32101	4	0	0.1	0.0	0.1	45	0.5	0.0
6480	32101	5	0	0.1	0.0	0.1	45	0.5	0.0
6480	32101	6	0	0.1	0.0	0.1	45	0.5	0.0
6480	32101	7	0	0.1	0.0	0.1	45	0.5	0.0
6480	32101	8	0	0.1	0.0	0.1	45	0.5	0.0
6480	32101	9	0	0.1	0.0	0.1	45	0.5	0.0
6480	32101	10	0	0.1	0.0	0.1	45	0.5	0.0
6480	32101	11	0	0.1	0.0	0.1	45	0.5	0.0
6480	32101	13	0	0.1	0.0	0.1	45	0.5	0.0
6480	32101	14	0	0.1	0.0	0.1	45	0.5	0.0
6480	32101	15	0	0.1	0.0	0.1	45	0.5	0.0
6480	32101	16	0	0.1	0.0	0.1	45	0.5	0.0
6480	32101	17	0	0.1	0.0	0.1	45	0.5	0.0
6480	32101	18	0	0.1	0.0	0.1	45	0.5	0.0
6480	32101	19	0	0.1	0.0	0.1	45	0.5	0.0
6480	32101	20	0	0.1	0.0	0.1	45	0.5	0.0
6480	32101	21	0	0.1	0.0	0.1	45	0.5	0.0
6480	32101	22	0	0.1	0.0	0.1	45	0.5	0.0
6479	32386	1	0	0.6	0.0	0.5	4	0.3	0.0
6479	32386	2	0	0.6	0.0	0.5	4	0.3	0.0
6479	32386	3	0	0.6	0.0	0.5	4	0.3	0.0
6479	32386	4	0	0.6	0.0	0.5	4	0.3	0.0
6479	32386	5	0	0.6	0.0	0.5	4	0.3	0.0
6479	32386	6	0	0.6	0.0	0.5	4	0.3	0.0
6479	32386	7	0	0.6	0.0	0.5	4	0.3	0.0
6479	32386	8	0	0.6	0.0	0.5	4	0.3	0.0
6479	32386	9	0	0.6	0.0	0.5	4	0.3	0.0
6479	32386	10	0	0.6	0.0	0.5	4	0.3	0.0
6479	32386	11	0	0.6	0.0	0.5	4	0.3	0.0
6481	32124	9	0	0.2	0.2	0.1	3	0.5	0.5
6481	32124	14	0	0.2	0.2	0.1	3	0.5	0.5
6481	32301	3	0	0.2	0.2	0.3	3	1.5	1.5
6481	32301	4	0	0.2	0.2	0.3	3	1.5	1.5
6482	32124	33	0	0.2	0.2	0.1	3	0.5	0.5
6482	32124	34	0	0.2	0.2	0.1	3	0.5	0.5
6482	32301	3	0	0.2	0.2	0.3	3	1.5	1.5
6482	32301	4	0	0.2	0.2	0.3	3	1.5	1.5
6482	32301	5	0	0.2	0.2	0.3	3	1.5	1.5
6482	32301	6	0	0.2	0.2	0.3	3	1.5	1.5
6482	32301	7	0	0.2	0.2	0.3	3	1.5	1.5
6482	32301	13	0	0.2	0.2	0.3	3	1.5	1.5
6482	32301	14	0	0.2	0.2	0.3	3	1.5	1.5
6482	32301	15	0	0.2	0.2	0.3	3	1.5	1.5
6482	32301	16	0	0.2	0.2	0.3	3	1.5	1.5
6482	32301	17	0	0.2	0.2	0.3	3	1.5	1.5
1342	32124	2	0	0.2	0.2	0.1	3	0.5	0.5
1342	32301	4	0	0.2	0.2	0.3	3	1.0	1.0
1342	32301	5	0	0.2	0.2	0.3	3	1.0	1.0
2896	32124	2	0	0.2	0.2	0.1	3	0.5	0.5
2896	32301	9	0	0.2	0.2	0.3	3	1.0	1.0
2896	32301	10	0	0.2	0.2	0.3	3	1.0	1.0
2384	32124	1	0	0.2	0.2	0.1	3	0.5	0.5
2384	32124	2	0	0.2	0.2	0.1	3	0.5	0.5
2384	32124	3	0	0.2	0.2	0.1	3	0.5	0.5
2384	32301	5	0	0.2	0.2	0.3	3	1.0	1.0
2384	32301	10	0	0.2	0.2	0.3	3	1.0	1.0
2385	32124	1	0	0.2	0.2	0.1	3	0.5	0.5
2385	32124	2	0	0.2	0.2	0.1	3	0.5	0.5
2385	32124	3	0	0.2	0.2	0.1	3	0.5	0.5
2385	32301	5	0	0.2	0.2	0.3	3	1.0	1.0
2385	32301	10	0	0.2	0.2	0.3	3	1.0	1.0
336	32124	2	0	0.2	0.2	0.1	3	0.5	0.5
336	32301	11	0	0.2	0.2	0.3	3	1.8	1.8
336	32301	12	0	0.2	0.2	0.3	3	1.5	1.5
336	32301	13	0	0.2	0.2	0.3	3	1.2	1.2
336	32301	14	0	0.2	0.2	0.3	3	0.8	0.8
336	32301	15	0	0.2	0.2	0.3	3	0.8	0.8
3390	32124	3	0	0.2	0.2	0.1	3	0.5	0.5
3390	32301	8	0	0.2	0.2	0.3	3	1.5	1.5
3390	32301	9	0	0.2	0.2	0.3	3	1.5	1.5
372	32124	12	0	0.8	0.7	0.15	3	0.8	0.0
372	32130	6	0	0.0	0.2	0.0	1	0.1	0.0
372	32130	7	0	0.0	0.2	0.0	1	0.1	0.0
372	32130	8	0	0.0	0.1	0.0	1	0.1	0.0
372	32130	9	0	0.0	0.1	0.0	1	0.1	0.0
372	32130	10	0	0.0	0.1	0.0	1	0.1	0.0
369	32124	9	0	0.8	0.7	0.15	3	0.8	0.0
369	32130	2	0	0.0	0.2	0.0	1	0.1	0.0
369	32130	3	0	0.0	0.2	0.0	1	0.1	0.0
369	32130	4	0	0.0	0.1	0.0	1	0.1	0.0
369	32130	5	0	0.0	0.1	0.0	1	0.1	0.0
370	32124	9	0	0.8	0.7	0.15	3	0.8	0.0
370	32130	2	0	0.0	0.2	0.0	1	0.1	0.0
370	32130	3	0	0.0	0.2	0.0	1	0.1	0.0
370	32130	4	0	0.0	0.1	0.0	1	0.1	0.0
370	32130	5	0	0.0	0.1	0.0	1	0.1	0.0
2898	32130	3	0	0.3	0.2	0.0	1	0.1	0.0
2899	32130	1	0	0.3	0.2	0.0	1	0.1	0.0
2899	32130	2	0	0.3	0.2	0.0	1	0.1	0.0
1343	32124	9	0	0.8	0.7	0.15	3	0.8	0.0
1343	32130	3	0	0.0	0.2	0.0	1	0.1	0.0
1343	32130	5	0	0.0	0.2	0.0	1	0.1	0.0
2386	32124	0	0	0.8	0.7	0.15	3	0.8	0.0
2386	32130	0	0	0.3	0.2	0.0	1	0.1	0.0
2387	32124	0	0	0.8	0.7	0.15	3	0.8	0.0
2387	32130	0	0	0.3	0.2	0.0	1	0.1	0.0
3391	32124	1	0	0.8	0.7	0.15	3	0.8	0.0
3391	32130	1	0	0.5	0.4	0.0	1	0.1	0.0
6484	32130	8	0	0.0	0.4	0.0	1	0.1	0.0
6484	32130	19	0	0.0	0.4	0.0	1	0.1	0.0
6484	32130	25	0	0.0	0.4	0.0	1	0.1	0.0
6484	32130	2	0	0.4	0.3	0.0	1	0.1	0.0
6484	32130	6	0	0.4	0.3	0.0	1	0.1	0.0
6484	32130	14	0	0.4	0.3	0.0	1	0.1	0.0
6484	32130	23	0	0.4	0.3	0.0	1	0.1	0.0
6484	32124	7	0	0.8	0.7	0.15	3	0.8	0.0
6484	32124	8	0	0.8	0.7	0.15	3	0.8	0.0
6484	32130	1	0	0.3	0.2	0.0	1	0.1	0.0
6486	32101	19	0	0.5	0.2	0.0	45	0.2	0.2
6486	32101	20	0	0.5	0.2	0.0	45	0.2	0.2
6486	32101	21	0	0.5	0.2	0.0	45	0.2	0.2
6486	32101	22	0	0.5	0.2	0.0	45	0.2	0.2
6486	32301	19	0	1.0	0.5	0.0	5	0.5	0.5
6486	32301	20	0	1.0	0.5	0.0	5	0.5	0.5
6486	32301	21	0	1.0	0.5	0.0	5	0.5	0.5
6486	32301	22	0	1.0	0.5	0.0	5	0.5	0.5
6485	32301	1	0	1.0	0.5	0.0	5	0.5	0.5
373	32301	1	0	1.0	0.5	0.0	10	0.3	0.3
373	32301	2	0	1.0	0.5	0.0	10	0.3	0.3
373	32301	3	0	1.0	0.5	0.0	10	0.3	0.3
373	32301	4	0	1.0	0.5	0.0	10	0.3	0.3
374	32301	1	0	1.0	0.5	0.0	10	0.3	0.3
374	32301	2	0	1.0	0.5	0.0	10	0.3	0.3
374	32301	3	0	1.0	0.5	0.0	10	0.3	0.3
374	32301	4	0	1.0	0.5	0.0	10	0.3	0.3
2900	32301	1	0	1.0	0.5	0.0	10	0.3	0.3
2900	32301	2	0	1.0	0.5	0.0	10	0.3	0.3
2900	32301	3	0	1.0	0.5	0.0	10	0.3	0.3
2900	32301	4	0	1.0	0.5	0.0	10	0.3	0.3
2900	32301	5	0	1.0	0.5	0.0	10	0.3	0.3
377	32301	2	0	1.0	0.5	0.0	10	0.3	0.3
377	32301	3	0	1.0	0.5	0.0	10	0.3	0.3
377	32301	4	0	1.0	0.5	0.0	10	0.3	0.3
1344	32301	2	0	1.0	0.5	0.0	10	0.3	0.3
1344	32301	3	0	1.0	0.5	0.0	10	0.3	0.3
1344	32301	4	0	1.0	0.5	0.0	10	0.3	0.3
1344	32301	5	0	1.0	0.5	0.0	10	0.3	0.3
2388	32301	1	0	1.0	0.5	0.0	10	0.3	0.3
2388	32301	2	0	1.0	0.5	0.0	10	0.3	0.3
2388	32301	3	0	1.0	0.5	0.0	10	0.3	0.3
2388	32301	4	0	1.0	0.5	0.0	10	0.3	0.3
2388	32301	5	0	1.0	0.5	0.0	10	0.3	0.3
2388	32301	6	0	1.0	0.5	0.0	10	0.3	0.3
2389	32301	1	0	1.0	0.5	0.0	10	0.3	0.3
2389	32301	2	0	1.0	0.5	0.0	10	0.3	0.3
2389	32301	3	0	1.0	0.5	0.0	10	0.3	0.3
2389	32301	4	0	1.0	0.5	0.0	10	0.3	0.3
2389	32301	5	0	1.0	0.5	0.0	10	0.3	0.3
2389	32301	6	0	1.0	0.5	0.0	10	0.3	0.3
376	32301	2	0	1.0	0.5	0.0	10	0.3	0.3
376	32301	3	0	1.0	0.5	0.0	10	0.3	0.3
376	32301	4	0	1.0	0.5	0.0	10	0.3	0.3
376	32301	5	0	1.0	0.5	0.0	10	0.3	0.3
3392	32301	1	0	1.0	0.5	0.0	10	0.3	0.3
6488	32272	1	0	0.0	0.1	0.2	9	1.2	1.2
6488	32272	2	0	0.0	0.1	0.2	9	1.2	1.2
6487	32272	1	0	0.0	0.1	0.2	9	0.9	0.9
378	32272	1	0	0.0	0.1	0.2	9	0.9	0.9
379	32272	1	0	0.0	0.1	0.2	9	0.9	0.9
2902	32272	2	0	0.0	0.1	0.2	9	0.9	0.9
2903	32272	1	0	0.0	0.1	0.2	9	0.9	0.9
2903	32272	2	0	0.0	0.1	0.2	9	0.9	0.9
1345	32272	2	0	0.0	0.1	0.2	9	0.9	0.9
1345	32272	3	0	0.0	0.1	0.2	9	0.9	0.9
383	32272	1	0	0.0	0.1	0.2	9	0.9	0.9
382	32272	1	0	0.0	0.1	0.2	9	0.9	0.9
381	32272	1	0	0.0	0.1	0.2	9	0.9	0.9
2391	32272	7	0	0.0	0.1	0.2	9	0.6	0.6
2390	32272	7	0	0.0	0.1	0.2	9	0.6	0.6
3393	32272	1	0	0.0	0.1	0.2	9	0.9	0.9
6490	32272	21	0	0.2	0.2	0.2	5	1.5	0.0
6490	32272	22	0	0.2	0.2	0.2	5	1.5	0.0
6490	32272	29	0	0.2	0.2	0.2	5	1.5	0.0
6490	32272	30	0	0.2	0.2	0.2	5	1.5	0.0
6492	32240	10	0	0.1	0.0	0.0	1	1.8	0.0
6492	32386	10	0	0.4	0.0	0.0	4	1.8	0.0
6492	32240	13	0	0.1	0.0	0.0	1	1.8	0.0
6492	32386	13	0	0.4	0.0	0.0	4	1.8	0.0
6492	32386	9	0	0.2	0.0	0.0	4	1.0	0.0
6492	32386	12	0	0.2	0.0	0.0	4	1.0	0.0
6491	32054	1	0	0.3	0.0	0.0	0	0.8	0.0
6491	32240	1	0	0.3	0.0	0.0	1	0.5	0.0
6491	32386	4	0	0.4	0.0	0.0	4	0.5	0.0
6491	32386	7	0	0.4	0.0	0.0	4	0.5	0.0
388	32054	1	0	0.3	0.0	0.0	0	0.8	0.0
388	32240	1	0	0.3	0.0	0.0	1	0.5	0.0
388	32386	4	0	0.4	0.0	0.0	4	0.5	0.0
389	32054	1	0	0.3	0.0	0.0	0	0.8	0.0
389	32240	1	0	0.3	0.0	0.0	1	0.5	0.0
389	32386	4	0	0.4	0.0	0.0	4	0.5	0.0
2906	32054	1	0	0.3	0.0	0.0	0	0.8	0.0
2906	32240	1	0	0.3	0.0	0.0	1	0.5	0.0
2907	32054	1	0	0.3	0.0	0.0	0	0.8	0.0
2907	32240	1	0	0.3	0.0	0.0	1	0.5	0.0
2907	32054	2	0	0.3	0.0	0.0	0	0.8	0.0
2907	32240	2	0	0.3	0.0	0.0	1	0.5	0.0
1347	32054	1	0	0.3	0.0	0.0	0	0.8	0.0
1347	32240	1	0	0.3	0.0	0.0	1	0.5	0.0
1347	32386	2	0	0.4	0.0	0.0	4	0.5	0.0
1347	32386	3	0	0.4	0.0	0.0	4	0.5	0.0
391	32054	1	0	0.3	0.0	0.0	0	0.8	0.0
391	32240	1	0	0.3	0.0	0.0	1	0.5	0.0
3395	32054	1	0	0.3	0.0	0.0	0	0.5	0.0
3395	32240	1	0	0.3	0.0	0.0	1	0.5	0.0
3395	32386	2	0	0.4	0.0	0.0	4	0.5	0.0
2394	32054	1	0	0.3	0.0	0.0	0	0.8	0.0
2394	32240	1	0	0.3	0.0	0.0	1	0.5	0.0
2394	32386	4	0	0.4	0.0	0.0	4	0.5	0.0
2394	32386	5	0	0.4	0.0	0.0	4	0.5	0.0
2395	32054	1	0	0.3	0.0	0.0	0	0.8	0.0
2395	32240	1	0	0.3	0.0	0.0	1	0.5	0.0
2395	32386	4	0	0.4	0.0	0.0	4	0.5	0.0
2395	32386	5	0	0.4	0.0	0.0	4	0.5	0.0
6494	32272	19	0	0.3	0.3	0.3	5	0.2	0.2
6494	32272	20	0	0.3	0.3	0.3	5	0.2	0.2
6494	32272	21	0	0.3	0.3	0.3	5	0.2	0.2
6494	32272	22	0	0.3	0.3	0.3	5	0.2	0.2
6494	32272	4	0	0.3	0.3	0.3	5	0.2	0.2
6494	32272	5	0	0.3	0.3	0.3	5	0.2	0.2
6494	32272	6	0	0.3	0.3	0.3	5	0.2	0.2
6494	32272	7	0	0.3	0.3	0.3	5	0.2	0.2
6494	32272	29	0	0.3	0.3	0.3	5	0.2	0.2
6494	32272	14	0	0.3	0.3	0.3	5	0.2	0.2
1348	32272	4	0	0.3	0.3	0.3	5	0.2	0.2
1348	32272	7	0	0.3	0.3	0.3	5	0.2	0.2
392	32272	1	0	0.3	0.3	0.3	5	0.2	0.2
392	32272	2	0	0.3	0.3	0.3	5	0.2	0.2
392	32272	3	0	0.3	0.3	0.3	5	0.2	0.2
392	32272	4	0	0.3	0.3	0.3	5	0.1	0.1
393	32272	1	0	0.3	0.3	0.3	5	0.2	0.2
393	32272	2	0	0.3	0.3	0.3	5	0.2	0.2
393	32272	3	0	0.3	0.3	0.3	5	0.2	0.2
393	32272	4	0	0.3	0.3	0.3	5	0.1	0.1
2908	32272	3	0	0.3	0.3	0.3	5	0.2	0.2
2909	32272	3	0	0.3	0.3	0.3	5	0.2	0.2
2909	32272	7	0	0.3	0.3	0.3	5	0.2	0.2
396	32272	1	0	0.3	0.3	0.3	5	0.2	0.2
396	32272	2	0	0.3	0.3	0.3	5	0.2	0.2
395	32272	1	0	0.3	0.3	0.3	5	0.2	0.2
395	32272	2	0	0.3	0.3	0.3	5	0.2	0.2
2396	32272	1	0	0.3	0.3	0.3	5	0.2	0.2
2396	32272	2	0	0.3	0.3	0.3	5	0.2	0.2
2396	32272	5	0	0.3	0.3	0.3	5	0.2	0.2
2396	32272	6	0	0.3	0.3	0.3	5	0.2	0.2
2397	32272	1	0	0.3	0.3	0.3	5	0.2	0.2
2397	32272	2	0	0.3	0.3	0.3	5	0.2	0.2
2397	32272	5	0	0.3	0.3	0.3	5	0.2	0.2
2397	32272	6	0	0.3	0.3	0.3	5	0.2	0.2
3396	32272	1	0	0.3	0.3	0.3	5	0.2	0.2
3396	32272	2	0	0.3	0.3	0.3	5	0.2	0.2
6496	32240	10	0	0.1	0.0	0.0	1	1.8	0.0
6496	32386	10	0	0.4	0.0	0.0	4	1.8	0.0
6496	32240	13	0	0.1	0.0	0.0	1	1.8	0.0
6496	32386	13	0	0.4	0.0	0.0	4	1.8	0.0
6496	32386	9	0	0.2	0.0	0.0	4	1.0	0.0
6496	32386	12	0	0.2	0.0	0.0	4	1.0	0.0
6495	32054	1	0	0.3	0.0	0.0	0	0.8	0.0
6495	32240	1	0	0.3	0.0	0.0	1	0.5	0.0
6495	32386	4	0	0.4	0.0	0.0	4	0.5	0.0
6495	32386	7	0	0.4	0.0	0.0	4	0.5	0.0
397	32054	1	0	0.3	0.0	0.0	0	0.8	0.0
397	32240	1	0	0.3	0.0	0.0	1	0.5	0.0
397	32386	4	0	0.4	0.0	0.0	4	0.5	0.0
398	32054	1	0	0.3	0.0	0.0	0	0.8	0.0
398	32240	1	0	0.3	0.0	0.0	1	0.5	0.0
398	32386	4	0	0.4	0.0	0.0	4	0.5	0.0
2910	32054	1	0	0.3	0.0	0.0	0	0.8	0.0
2910	32240	1	0	0.3	0.0	0.0	1	0.5	0.0
2911	32054	1	0	0.3	0.0	0.0	0	0.8	0.0
2911	32240	1	0	0.3	0.0	0.0	1	0.5	0.0
2911	32054	2	0	0.3	0.0	0.0	0	0.8	0.0
2911	32240	2	0	0.3	0.0	0.0	1	0.5	0.0
400	32054	1	0	0.3	0.0	0.0	0	0.8	0.0
400	32240	1	0	0.3	0.0	0.0	1	0.5	0.0
400	32386	2	0	0.4	0.0	0.0	4	0.5	0.0
400	32386	3	0	0.4	0.0	0.0	4	0.5	0.0
1349	32054	1	0	0.3	0.0	0.0	0	0.8	0.0
1349	32240	1	0	0.3	0.0	0.0	1	0.5	0.0
3397	32054	1	0	0.3	0.0	0.0	0	0.5	0.0
3397	32240	1	0	0.3	0.0	0.0	1	0.5	0.0
3397	32386	2	0	0.4	0.0	0.0	4	0.5	0.0
2398	32054	1	0	0.3	0.0	0.0	0	0.8	0.0
2398	32240	1	0	0.3	0.0	0.0	1	0.5	0.0
2398	32386	4	0	0.4	0.0	0.0	4	0.5	0.0
2398	32386	5	0	0.4	0.0	0.0	4	0.5	0.0
2399	32054	1	0	0.3	0.0	0.0	0	0.8	0.0
2399	32240	1	0	0.3	0.0	0.0	1	0.5	0.0
2399	32386	4	0	0.4	0.0	0.0	4	0.5	0.0
2399	32386	5	0	0.4	0.0	0.0	4	0.5	0.0
6498	32272	4	0	0.2	0.2	0.2	5	1.5	1.5
6498	32272	14	0	0.2	0.2	0.2	5	1.5	1.5
6498	32272	25	0	0.2	0.2	0.2	5	1.5	1.5
6498	32272	35	0	0.2	0.2	0.2	5	1.5	1.5
6498	32388	2	0	0.4	0.2	0.0	4	0.5	0.5
6498	32388	3	0	0.4	0.2	0.0	4	0.5	0.5
6498	32388	23	0	0.4	0.2	0.0	4	0.5	0.5
6498	32388	24	0	0.4	0.2	0.0	4	0.5	0.5
6499	32272	1	0	0.15	0.15	0.15	5	0.8	0.8
6499	32272	2	0	0.15	0.15	0.15	5	0.8	0.8
6499	32272	3	0	0.15	0.15	0.15	5	0.8	0.8
6499	32388	1	0	0.4	0.2	0.0	4	0.3	0.3
6499	32388	2	0	0.4	0.2	0.0	4	0.3	0.3
6499	32388	3	0	0.4	0.2	0.0	4	0.3	0.3
401	32272	2	0	0.15	0.15	0.15	5	1.0	1.0
401	32272	3	0	0.15	0.15	0.15	5	0.3	0.3
401	32272	4	0	0.15	0.15	0.15	5	0.2	0.2
401	32272	5	0	0.15	0.15	0.15	5	0.1	0.1
401	32388	2	0	0.4	0.2	0.0	4	0.3	0.3
401	32388	3	0	0.4	0.2	0.0	4	0.3	0.3
401	32388	4	0	0.4	0.2	0.0	4	0.3	0.3
401	32388	5	0	0.4	0.2	0.0	4	0.3	0.3
402	32272	2	0	0.15	0.15	0.15	5	1.0	1.0
402	32272	3	0	0.15	0.15	0.15	5	0.3	0.3
402	32272	4	0	0.15	0.15	0.15	5	0.2	0.2
402	32272	5	0	0.15	0.15	0.15	5	0.1	0.1
402	32388	2	0	0.4	0.2	0.0	4	0.3	0.3
402	32388	3	0	0.4	0.2	0.0	4	0.3	0.3
402	32388	4	0	0.4	0.2	0.0	4	0.3	0.3
402	32388	5	0	0.4	0.2	0.0	4	0.3	0.3
2912	32272	2	0	0.15	0.15	0.15	5	0.5	0.5
2912	32272	3	0	0.15	0.15	0.15	5	0.5	0.5
2912	32272	4	0	0.15	0.15	0.15	5	0.5	0.5
2912	32272	5	0	0.15	0.15	0.15	5	0.5	0.5
2912	32272	6	0	0.15	0.15	0.15	5	0.5	0.5
2912	32388	2	0	0.4	0.2	0.0	4	0.3	0.3
2912	32388	3	0	0.4	0.2	0.0	4	0.3	0.3
2912	32388	4	0	0.4	0.2	0.0	4	0.3	0.3
2912	32388	5	0	0.4	0.2	0.0	4	0.3	0.3
2912	32388	6	0	0.4	0.2	0.0	4	0.3	0.3
1350	32272	2	0	0.15	0.15	0.15	5	1.5	1.5
1350	32388	2	0	0.4	0.2	0.0	4	0.7	0.7
3398	32272	0	0	0.15	0.15	0.15	5	0.6	0.6
3398	32388	3	0	0.4	0.2	0.0	4	0.3	0.3
3398	32388	4	0	0.4	0.2	0.0	4	0.3	0.3
3398	32388	5	0	0.4	0.2	0.0	4	0.3	0.3
3398	32388	6	0	0.4	0.2	0.0	4	0.3	0.3
3398	32388	7	0	0.4	0.2	0.0	4	0.3	0.3
3398	32388	8	0	0.4	0.2	0.0	4	0.3	0.3
6913	32394	42	0	0.4	0.3	0.25	0.0	1.0	0.0
6913	32394	94	0	0.4	0.3	0.25	0.0	1.0	0.0
6913	32394	33	0	0.4	0.3	0.25	0.0	1.0	0.0
6913	32394	83	0	0.4	0.3	0.25	0.0	1.0	0.0
6913	32049	32	0	0.06	0.44	0.66	14.0	0.5	0.0
6913	32049	41	0	0.06	0.44	0.66	14.0	0.5	0.0
6913	32049	84	0	0.06	0.44	0.66	14.0	0.5	0.0
6913	32049	95	0	0.06	0.44	0.66	14.0	0.5	0.0
2597	32392	3	0	1.00	1.00	1.00	0.0	0.0	0.5
1043	32119	7	0	0.20	0.46	0.90	1.0	-0.5	1.0
2601	32389	1	0	1.00	0.29	0.19	0.0	0.0	0.4
2601	32395	1	0	1.00	0.29	0.19	0.0	9.0	0.1
42	32389	3	0	1.00	0.29	0.19	0.0	0.0	0.4
1046	32389	2	0	1.00	0.29	0.19	0.0	0.0	0.4
2076	32389	37	0	1.00	0.29	0.19	0.0	0.0	0.4
1050	32395	21	0	0.64	0.26	1.00	0.0	0.0	0.0
71	32113	4	0	3.0	0.73	6.0	3	-0.005	-0.005
2083	32113	2	0	3.0	0.73	6.0	3	-0.005	-0.005

//============================================================================
//  Ported missing dynamic effects
//  Ported from Items/Getmain reference (2026-06-03) -- items absent from all
//  our effect systems (sprite + mesh). 16 items: Blue Eye / Silver Heart sets,
//  Awakening Scepter, Mace of King, TempleGuard Bow, class wings 6300-6306.
//============================================================================
//Gold
////Silver Heart Scepter
//Silver Heart Lance
//Silver Heart Staff
2625	32290	0	0	0.00	0.00	1.00	12	0.0	0.8
2625	32301	0	0	0.00	0.00	1.00	4.0	0.0	0.9
//Silver Heart Stick
2626	32113	11	0	3.0	0.73	6.0	3	-0.005	-0.005
//mace of king

//Dark Staff (2611) - tip particle (dynamic)
2611	32119	9	0	1.00	0.33	0.94	1.0	-0.5	0.2

//============================================================================
//  RESTORE 8 weapon dynamic effects from working EffectManager (2026-06-03).
//  These were dropped during the mesh-merge but the working client rendered
//  them via DYNAMIC. Index-based (Type*512+Idx): 2609=Divine Staff Archangel Lv2.
//============================================================================
////Horn of Steal
////Magmus Peer
1548	32389	2	0	1.00	0.18	0.00	0.0	0.0	0.5
1548	32389	4	0	1.00	0.18	0.00	0.0	0.0	0.5
1548	32389	7	0	1.00	0.18	0.00	0.0	0.0	0.5
//Angelic Bow
2073	32119	13	0	0.50	0.87	0.40	0.0	-0.5	0.2
//Blessed Staff
2609	32074	8	0	0.00	0.38	1.00	2.0	0.0	-0.2
//Blessed Scepter
1049	32395	24	0	0.35	0.34	1.00	0.0	3.0	10.4
1049	32395	25	0	0.35	0.34	1.00	0.0	3.0	10.4
1049	32395	40	0	0.35	0.34	1.00	0.0	3.0	10.4
//Blessed Stick
//HolyAngel Staff
//HolyAngel Stick
2614	32074	3	0	0.00	0.38	1.00	2.0	0.0	-0.3
2614	32074	4	0	0.00	0.38	1.00	2.0	0.0	-0.3
2614	32074	5	0	0.00	0.38	1.00	2.0	0.0	-0.3
2614	32074	6	0	0.00	0.38	1.00	2.0	0.0	-0.3
44	32389	7	0	1.00	0.29	0.19	0.0	0.0	0.4
127	32113	6	0	1	1	1	7.9	0.0	0.2
1054	32113	3	0	3.0	0.73	6.0	3	-0.005	-0.005
1056	32113	8	0	1	1	1	7.9	0.0	0.2
2082	32113	7	0	1	1	1	7.9	0.0	0.2
2082	32113	25	0	1	1	1	7.9	0.0	0.2
2620	32290	0	0	1.00	1.00	1.00	12	0.0	0.8
2620	32301	0	0	1.00	1.00	1.00	4.0	0.0	0.9
2617	32290	0	0	0.00	0.38	1.00	12	0.0	0.8
2617	32301	0	0	0.00	0.38	1.00	4.0	0.0	0.9
2618	32290	0	0	2.00	2.00	2.00	12	0.0	0.8
2618	32301	0	0	2.00	2.00	2.00	4.0	0.0	0.9
2623	32290	0	0	0.00	1.00	0.00	12	0.0	0.8
2623	32301	0	0	0.00	1.00	0.00	4.0	0.0	0.9
2626	32113	5	0	3.0	0.73	6.0	3	-0.005	-0.005
2627	32290	0	0	0.50	0.50	0.50	12	0.0	0.8
2627	32301	0	0	0.50	0.50	0.50	4.0	0.0	0.9
2630	32074	2	0	0.00	0.38	1.00	6.0	0.0	-0.2
2630	32074	2	0	0.35	0.68	1.00	3.0	0.0	-0.2
2630	32389	2	0	0.35	0.68	1.0	0.0	0.0	0.5
2630	32290	2	0	2.00	2.00	2.00	12	0.0	0.8
2632	32290	0	0	1.40	1.20	0.80	12	0.0	0.8
2632	32301	0	0	1.40	1.20	0.80	4.0	0.0	0.9
2633	32113	4	0	1	1	1	7.9	0.0	0.2
2634	32113	7	0	1	1	1	7.9	0.0	0.2
2635	32290	0	0	1.40	1.20	0.80	12	0.0	0.8
2635	32301	0	0	1.40	1.20	0.80	4.0	0.0	0.9
2638	32290	0	0	0.60	0.90	0.50	12	0.0	0.8
2638	32301	0	0	0.60	0.90	0.50	4.0	0.0	0.9
2641	32290	0	0	0.00	0.00	1.00	12	0.0	0.8
2641	32301	0	0	0.00	0.00	1.00	4.0	0.0	0.9
2638	32290	0	0	1.00	1.00	1.00	12	0.0	0.8
2638	32301	0	0	1.00	1.00	1.00	4.0	0.0	0.9
6429	32355	1	0	1	1	1	1.95	0.0	0.2
6429	32373	14	0	0.53	0.36	1.00	0.0	0.0	0.1
6429	32373	26	0	0.53	0.36	1.00	0.0	0.0	0.1
6437	32113	0	0	3.0	6.0	0.73	7	-0.020	-0.005

//========================================================================
// PORT FROM S21 (2026-08-18) -- see CustomEffectStatic.txt header for the
// verification method. Only 1044 (hornofsteel) and 2610 (absolute_stick)
// had dynamic rows in S21; 3116 (lightning_shield) had none.
//========================================================================
1044	32395	9	0	0.25	0.25	0.25	0.0	0.0	0.0
1044	32395	10	0	0.25	0.25	0.25	0.0	0.0	0.0
1044	32395	11	0	0.25	0.25	0.25	0.0	0.0	0.0
1044	32395	12	0	0.25	0.25	0.25	0.0	0.0	0.0
1044	32395	13	0	0.25	0.25	0.25	0.0	0.0	0.0
1044	32395	14	0	0.25	0.25	0.25	0.0	0.0	0.0
2610	32113	17	0	1.00	1.00	1.00	5.0	-0.5	0.7

//========================================================================
// RESTORE (2026-08-18): 11 valid ItemIndex dropped by the S21 divmod
// reconciliation bug (same root cause as CustomEffectStatic.txt). Restored
// verbatim from HEAD. 1044 and 2610 (also on the original loss list) were
// SKIPPED here: already present in the 'PORT FROM S21' block below with
// byte-identical content -- restoring would have duplicated them.
// Indices: 43, 72, 73, 1066, 1067, 1566, 2078, 2613, 2624, 3118, 6856.
//========================================================================
3118	32386	0	0	0.7	0.5	0.3	0.0	0.0	0.0
6856	32394	42	0	0.4	0.3	0.25	0.0	1.0	0.0
6856	32394	94	0	0.4	0.3	0.25	0.0	1.0	0.0
6856	32394	33	0	0.4	0.3	0.25	0.0	1.0	0.0
6856	32394	83	0	0.4	0.3	0.25	0.0	1.0	0.0
6856	32049	32	0	0.06	0.44	0.66	14.0	0.5	0.0
6856	32049	41	0	0.06	0.44	0.66	14.0	0.5	0.0
6856	32049	84	0	0.06	0.44	0.66	14.0	0.5	0.0
6856	32049	95	0	0.06	0.44	0.66	14.0	0.5	0.0
43	32389	7	0	1.00	0.29	0.19	0.0	0.0	0.4
72	32113	4	0	3.0	0.73	6.0	3	-0.005	-0.005
73	32113	4	0	3.0	0.73	6.0	3	-0.005	-0.005
1067	32113	115	0	3.0	0.73	6.0	3	-0.005	-0.005
1066	32113	3	0	3.0	0.73	6.0	3	-0.005	-0.005
1566	32113	3	0	3.0	0.73	6.0	3	-0.005	-0.005
2624	32113	11	0	3.0	0.73	6.0	3	-0.005	-0.005
2078	32386	02	0	0.80	0.80	0.80	0.9	-3.0	-1.0
2078	32049	11	0	0.80	0.80	0.80	11	0.4	0.4
2613	32074	8	0	0.00	0.38	1.00	2.0	0.0	-0.2
end