//ItemIndex	Join	Type	Effect	Size	Timer	ColorR	ColorG	ColorB
//=============================================================================
// HORSE OF GHOST - SKIN 1 (6911)
//=============================================================================
6911             42       1     32394   0.75    100     0.35     0.68     1.0
6911             52       1     32394   0.75    100     0.35     0.68     1.0
6911             74       1     32394   0.75    100     0.35     0.68     1.0
6911             85       1     32394   0.75    100     0.35     0.68     1.0
//Eye
6911             30       1     32394   0.4     100     1.0	  1.0	   1.0
6911             35       1     32394   0.4     100     1.0	  1.0	   1.0
//HORSE OF GHOST - SKIN 2
6911             17       2     32380   0.75     100      0.18    1.16    1.81
6911             18       2     32380   0.75     100      0.18    1.16    1.81
6911             23       2     32380   0.75     100      0.18    1.16    1.81
6911             28       2     32380   0.75     100      0.18    1.16    1.81
6911             29       2     32380   0.75     100      0.18    1.16    1.81
6911             33       2     32380   0.75     100      0.18    1.16    1.81
6911             34       2     32380   0.75     100      0.18    1.16    1.81
6911             63       2     32380   0.75     100      0.18    1.16    1.81
6911             96       2     32380   0.75     100      0.18    1.16    1.81
6911             97       2     32380   0.75     100      0.18    1.16    1.81
6911             98       2     32380   0.75     100      0.18    1.16    1.81
6911             99       2     32380   0.75     100      0.18    1.16    1.81
6911             103      2     32380   0.75     100      0.18    1.16    1.81
6911             31       2     32380   1.0      100      0.18    1.16    1.81
6911             64       2     32380   1.0      100      0.18    1.16    1.81
6911             65       2     32380   1.0      100      0.18    1.16    1.81
6911             66       2     32380   1.0      100      0.18    1.16    1.81
6911             90       2     32380   1.0      100      0.18    1.16    1.81
6911             42       2     32229   1.0      100      1.0     1.0     1.00
6911             52       2     32229   1.0      100      1.0     1.0     1.00
6911             74       2     32229   1.0      100      1.0     1.0     1.00
6911             85       2     32229   1.0      100      1.0     1.0     1.00
6911             43       2     32380   0.75     100      0.18    1.16    1.81
6911             44       2     32380   0.75     100      0.18    1.16    1.81
6911             45       2     32380   1.0      100      0.18    1.16    1.81
6911             53       2     32380   0.75     100      0.18    1.16    1.81
6911             54       2     32380   0.75     100      0.18    1.16    1.81
6911             58       2     32380   1.0      100      0.18    1.16    1.81
6911             75       2     32380   0.75     100      0.18    1.16    1.81
6911             76       2     32380   0.75     100      0.18    1.16    1.81
6911             77       2     32380   1.0      100      0.18    1.16    1.81
6911             86       2     32380   0.75     100      0.18    1.16    1.81
6911             87       2     32380   0.75     100      0.18    1.16    1.81
6911             88       2     32380   1.0      100      0.18    1.16    1.81
6911             78       2     32380   1.0      100      0.18    1.16    1.81
6911             89       2     32380   1.0      100      0.18    1.16    1.81
6911             42       2     32229   1.00     100      0.08    0.08    0.0
6911             52       2     32229   1.00     100      0.08    0.08    0.0
6911             74       2     32229   1.00     100      0.08    0.08    0.0
6911             85       2     32229   1.00     100      0.08    0.08    0.0

//=============================================================================
// HORSE OF GHOST - SKIN 3 (6912) — blue ice mount
// FIX: deduplicated bones + Size 2.0->0.35 (BITMAP_LIGHT width*2.0 caused giant blue quad)
//=============================================================================
6912            3       2       32002	0.35	100	0.00	0.15	1.00
6912            4       2       32002	0.35	100	0.00	0.15	1.00
6912            5       2       32002	0.35	100	0.00	0.15	1.00
6912            6       2       32002	0.35	100	0.00	0.15	1.00
6912            7       2       32002	0.35	100	0.00	0.15	1.00
6912            8       2       32002	0.35	100	0.00	0.15	1.00
6912            9       2       32002	0.35	100	0.00	0.15	1.00
6912            10      2       32002	0.35	100	0.00	0.15	1.00
6912            13      2       32002	0.35	100	0.00	0.15	1.00
6912            20      2       32002	0.35	100	0.00	0.15	1.00
6912            21      2       32002	0.35	100	0.00	0.15	1.00
6912            22      2       32002	0.35	100	0.00	0.15	1.00
6912            26      2       32002	0.35	100	0.00	0.15	1.00
6912            27      2       32002	0.35	100	0.00	0.15	1.00
6912            28      2       32002	0.35	100	0.00	0.15	1.00
6912            31      2       32002	0.35	100	0.00	0.15	1.00
6912            33      2       32002	0.35	100	0.00	0.15	1.00
6912            34      2       32002	0.35	100	0.00	0.15	1.00
6912            35      2       32002	0.35	100	0.00	0.15	1.00
6912            36      2       32002	0.35	100	0.00	0.15	1.00
6912            37      2       32002	0.35	100	0.00	0.15	1.00
6912            41      2       32002	0.35	100	0.00	0.15	1.00
6912            42      2       32002	0.35	100	0.00	0.15	1.00
6912            43      2       32002	0.35	100	0.00	0.15	1.00
6912            44      2       32002	0.35	100	0.00	0.15	1.00
6912            45      2       32002	0.35	100	0.00	0.15	1.00
6912            49      2       32002	0.35	100	0.00	0.15	1.00
6912            50      2       32002	0.35	100	0.00	0.15	1.00
6912            51      2       32002	0.35	100	0.00	0.15	1.00
6912            52      2       32002	0.35	100	0.00	0.15	1.00

//HORSE OF GHOST - SKIN 2 (6913)
6913             17       2     32380   0.75     100      0.18    1.16    1.81
6913             18       2     32380   0.75     100      0.18    1.16    1.81
6913             23       2     32380   0.75     100      0.18    1.16    1.81
6913             28       2     32380   0.75     100      0.18    1.16    1.81
6913             29       2     32380   0.75     100      0.18    1.16    1.81
6913             33       2     32380   0.75     100      0.18    1.16    1.81
6913             34       2     32380   0.75     100      0.18    1.16    1.81
6913             63       2     32380   0.75     100      0.18    1.16    1.81
6913             96       2     32380   0.75     100      0.18    1.16    1.81
6913             97       2     32380   0.75     100      0.18    1.16    1.81
6913             98       2     32380   0.75     100      0.18    1.16    1.81
6913             99       2     32380   0.75     100      0.18    1.16    1.81
6913             103      2     32380   0.75     100      0.18    1.16    1.81
6913             31       2     32380   1.0      100      0.18    1.16    1.81
6913             64       2     32380   1.0      100      0.18    1.16    1.81
6913             65       2     32380   1.0      100      0.18    1.16    1.81
6913             66       2     32380   1.0      100      0.18    1.16    1.81
6913             90       2     32380   1.0      100      0.18    1.16    1.81
6913             42       2     32229   1.0      100      1.0     1.0     1.00
6913             52       2     32229   1.0      100      1.0     1.0     1.00
6913             74       2     32229   1.0      100      1.0     1.0     1.00
6913             85       2     32229   1.0      100      1.0     1.0     1.00
6913             43       2     32380   0.75     100      0.18    1.16    1.81
6913             44       2     32380   0.75     100      0.18    1.16    1.81
6913             45       2     32380   1.0      100      0.18    1.16    1.81
6913             53       2     32380   0.75     100      0.18    1.16    1.81
6913             54       2     32380   0.75     100      0.18    1.16    1.81
6913             58       2     32380   1.0      100      0.18    1.16    1.81
6913             75       2     32380   0.75     100      0.18    1.16    1.81
6913             76       2     32380   0.75     100      0.18    1.16    1.81
6913             77       2     32380   1.0      100      0.18    1.16    1.81
6913             86       2     32380   0.75     100      0.18    1.16    1.81
6913             87       2     32380   0.75     100      0.18    1.16    1.81
6913             88       2     32380   1.0      100      0.18    1.16    1.81
6913             78       2     32380   1.0      100      0.18    1.16    1.81
6913             89       2     32380   1.0      100      0.18    1.16    1.81
6913             42       2     32229   1.00     100      0.08    0.08    0.0
6913             52       2     32229   1.00     100      0.08    0.08    0.0
6913             74       2     32229   1.00     100      0.08    0.08    0.0
6913             85       2     32229   1.00     100      0.08    0.08    0.0

//=============================================================================
// HORSE OF GHOST - SKIN 4 (6914) — blue ice mount variant
// FIX: deduplicated bones + Size 2.0->0.35 (same issue as 6912)
//=============================================================================
6914            3       2       32002	0.35	100	0.00	0.15	1.00
6914            4       2       32002	0.35	100	0.00	0.15	1.00
6914            5       2       32002	0.35	100	0.00	0.15	1.00
6914            6       2       32002	0.35	100	0.00	0.15	1.00
6914            7       2       32002	0.35	100	0.00	0.15	1.00
6914            8       2       32002	0.35	100	0.00	0.15	1.00
6914            9       2       32002	0.35	100	0.00	0.15	1.00
6914            10      2       32002	0.35	100	0.00	0.15	1.00
6914            13      2       32002	0.35	100	0.00	0.15	1.00
6914            20      2       32002	0.35	100	0.00	0.15	1.00
6914            21      2       32002	0.35	100	0.00	0.15	1.00
6914            22      2       32002	0.35	100	0.00	0.15	1.00
6914            26      2       32002	0.35	100	0.00	0.15	1.00
6914            27      2       32002	0.35	100	0.00	0.15	1.00
6914            28      2       32002	0.35	100	0.00	0.15	1.00
6914            31      2       32002	0.35	100	0.00	0.15	1.00
6914            33      2       32002	0.35	100	0.00	0.15	1.00
6914            34      2       32002	0.35	100	0.00	0.15	1.00
6914            35      2       32002	0.35	100	0.00	0.15	1.00
6914            36      2       32002	0.35	100	0.00	0.15	1.00
6914            37      2       32002	0.35	100	0.00	0.15	1.00
6914            41      2       32002	0.35	100	0.00	0.15	1.00
6914            42      2       32002	0.35	100	0.00	0.15	1.00
6914            43      2       32002	0.35	100	0.00	0.15	1.00
6914            44      2       32002	0.35	100	0.00	0.15	1.00
6914            45      2       32002	0.35	100	0.00	0.15	1.00
6914            49      2       32002	0.35	100	0.00	0.15	1.00
6914            50      2       32002	0.35	100	0.00	0.15	1.00
6914            51      2       32002	0.35	100	0.00	0.15	1.00
6914            52      2       32002	0.35	100	0.00	0.15	1.00

// Glacius Fenrir (6860) — huesos reales de Mudream (Mount02.bmd)
// FIX: Size 1.2->0.45, 0.9->0.35, 2.2->0.75 (BITMAP_LIGHT y BITMAP_SPARK grandes)
6860	6	2	32002	0.45	100	0.30	0.62	1.00
6860	13	2	32002	0.45	100	0.30	0.62	1.00
6860	18	2	32002	0.45	100	0.30	0.62	1.00
6860	27	2	32002	0.45	100	0.30	0.62	1.00
6860	32	2	32002	0.45	100	0.30	0.62	1.00
6860	36	2	32002	0.35	100	0.14	0.34	0.66
6860	37	2	32002	0.35	100	0.14	0.34	0.66
6860	38	2	32002	0.35	100	0.14	0.34	0.66
// code 32380 (BITMAP_SPARK) — static aura layer, ice-tint
6860	6	2	32380	0.75	100	0.30	0.62	1.00
6860	13	2	32380	0.75	100	0.30	0.62	1.00
6860	18	2	32380	0.75	100	0.30	0.62	1.00
6860	27	2	32380	0.75	100	0.30	0.62	1.00
6860	32	2	32380	0.75	100	0.30	0.62	1.00
6860	36	2	32380	0.75	100	0.30	0.62	1.00
6860	37	2	32380	0.75	100	0.30	0.62	1.00
6860	38	2	32380	0.75	100	0.30	0.62	1.00
end
